-0.264595   0.321092   -0.127625
0.424098   -0.425705   0.312023
-0.386183   -0.220892   0.487543
-0.0936525   -0.304504   -0.105078
0.015691   0.115142   -0.335627
-0.0715908   0.297607   0.410329
-0.186671   -0.263496   0.36687
0.082935   -0.45376   -0.10157
0.290683   -0.38859   0.156514
-0.023038   -0.175148   0.181876
0.242215   -0.037306   -0.400118
0.399811   -0.208738   -0.310759
0.335966   -0.237129   0.294285
-0.175415   0.00197382   -0.419135
0.231751   -0.436026   0.414768
-0.467865   0.271174   -0.187354
-0.267582   0.420002   0.269521
0.147791   0.113383   -0.119897
-0.475589   0.454464   0.445201
-0.32144   0.467017   -0.351551
0.0684193   -0.304606   0.0520834
0.0439872   0.135404   0.475025
0.198569   0.343155   -0.293996
-0.0216528   -0.135908   0.413773
-0.434465   0.309081   0.190054
-0.0817113   0.416442   -0.266164
-0.330146   -0.304407   -0.315495
0.333061   -0.392218   -0.176502
0.399387   0.047436   -0.157343
0.186665   -0.225207   -0.305322
-0.24975   0.0698203   -0.0973579
0.1346   -0.428799   -0.31005
0.381845   0.322353   -0.391929
-0.152334   -0.485449   0.424869
0.322129   0.470622   -0.0104667
-0.156015   -0.412863   -0.343829
0.451439   -0.387694   0.0532509
-0.434933   -0.0856931   -0.25678
-0.300354   -0.412943   0.0220873
0.329237   0.379339   0.193167
-0.26544   -0.486974   -0.172471
0.426946   -0.186989   -0.106731
-0.435846   0.252514   -0.432631
0.0580507   0.375772   0.273344
0.0296895   0.457164   -0.45784
-0.24262   -0.120525   -0.0019128
-0.380752   0.0445453   -0.436406
-0.449225   -0.343792   -0.157254
0.210679   0.163043   -0.343878
-0.298151   -0.0805421   0.214212
0.289831   -0.0208994   0.257414
0.424058   0.284522   -0.0178159
-0.243902   -0.284291   0.189909
-0.0174546   -0.264288   -0.301641
0.142445   0.419541   0.0734663
-0.417101   -0.438768   0.198382
0.0347685   -0.089895   -0.390216
0.363994   -0.187423   0.108361
0.0777246   0.34309   -0.137175
-0.207501   -0.174307   -0.194221
-0.376567   0.209903   -0.000707391
-0.425675   0.219182   0.37954
0.313858   0.227525   -0.171288
-0.184811   0.244257   0.238187
-0.0754125   -0.0106896   -0.195035
0.316445   -0.371099   -0.393307
-0.241445   0.392804   0.0781017
0.240104   0.266419   0.0593844
-0.0478873   -0.0632441   0.0154552
0.269389   -0.0891621   -0.189878
-0.497207   -0.0390317   0.142416
0.0578602   -0.16839   -0.145051
-0.0470437   0.328207   0.0930521
-0.00660437   -0.333022   0.463097
-0.272999   0.337606   0.45109
-0.185559   0.253382   -0.393693
-0.497229   0.458245   -0.226264
-0.357025   -0.413712   0.39031
-0.186081   -0.217465   -0.406658
0.334795   0.34192   0.385286
0.241458   -0.212057   0.492022
0.384892   0.198906   0.23678
0.222647   -0.300538   -0.0739989
-0.440538   0.415429   0.0122235
-0.377587   0.115647   0.21683
-0.274354   -0.0709676   0.416183
-0.189444   0.105071   0.106049
0.375497   0.152359   0.477946
0.40741   -0.0724814   0.488373
-0.430463   -0.220787   0.0889242
-0.324983   0.166284   -0.271937
-0.0898022   -0.475835   0.246907
0.121697   -0.305253   0.294558
-0.476336   0.022938   0.38107
0.0873683   -0.00577563   0.311779
0.166943   0.203661   0.2942
-0.44655   -0.207731   0.300267
-0.208273   0.140339   0.418379
-0.43685   -0.0434953   -0.053789
-0.0819024   0.206737   -0.0882557
0.313851   0.0629293   0.0738834
-0.0633932   -0.489902   0.0463105
0.180729   0.290882   0.491586
-0.115488   0.00334325   0.278596
0.0487161   0.150451   0.0784333
0.438641   -0.307441   0.478751
0.15761   -0.108004   0.0678365
0.452117   0.121733   -0.328127
