        50.1973        49.3684        49.1802    2.53471e-75
        50.1973        49.3684        49.1802    2.53471e-75
        50.1973        49.3684        49.1802    2.53471e-75
        50.2059        49.5717        49.2157    1.90689e-75
        50.1596        48.9893        48.4279     9.6656e-75
        51.0707         49.418        47.0881    8.96188e-75
        50.2408        49.6797        48.0708    5.92133e-75
        50.2408        49.6797        48.0708    5.92133e-75
        50.2408        49.6797        48.0708    5.92133e-75
        50.1803        50.0676        47.9558    4.60082e-75
        49.9806        50.9839        48.5085    1.06329e-75
        49.9806        50.9839        48.5085    1.06329e-75
        49.1273        51.2738        49.6115    5.74031e-76
        49.8365        50.5972        49.7208    4.99175e-76
        49.8365        50.5972        49.7208    4.99175e-76
        49.8365        50.5972        49.7208    4.99175e-76
        49.8365        50.5972        49.7208    4.99175e-76
        49.5217        49.5476        51.0312    5.24956e-76
        49.5217        49.5476        51.0312    5.24956e-76
        49.5217        49.5476        51.0312    5.24956e-76
        49.5217        49.5476        51.0312    5.24956e-76
        48.6157        49.5192        51.2216    1.21071e-75
        48.6157        49.5192        51.2216    1.21071e-75
        47.0241        48.4768        51.2532    2.28281e-74
        46.1504        47.4189         51.376     1.7208e-73
        46.3864        47.0895        51.3248    2.04736e-73
        47.5401        46.7536        50.4914    2.25335e-73
        48.4086        45.5301        50.0621    5.38943e-73
        48.4086        45.5301        50.0621    5.38943e-73
        48.4086        45.5301        50.0621    5.38943e-73
        48.0046        45.7268        49.9683    7.76812e-73
        48.0604        45.6317        49.4267    1.54857e-72
        47.1671          46.66        50.2802    4.93079e-73
        46.6148        46.9357        50.5145    5.07452e-73
        46.4865         46.716        50.7366      5.724e-73
         46.773        45.7085        52.0713    2.44824e-73
        44.7272        45.9384        52.8207    6.99763e-73
        45.1127        44.5108        52.4766    3.40097e-72
        44.4163        44.4361        52.1331    1.22347e-71
        44.4879        43.5455        51.8743    4.12829e-71
        44.9594        42.3117        50.9594    2.92954e-70
        43.7825        41.3428        51.3414    1.84384e-69
        43.8895        40.7671         50.716    6.70241e-69
        43.8895        40.7671         50.716    6.70241e-69
        43.0593        41.5089        49.7229    2.77111e-68
        41.6911        41.4491         49.621     1.5079e-67
        41.6911        41.4491         49.621     1.5079e-67
        40.8386         41.833        49.9589    1.60341e-67
        41.2668        42.7696        49.3682    7.78258e-68
        41.2668        42.7696        49.3682    7.78258e-68
        41.2668        42.7696        49.3682    7.78258e-68
        41.4115        42.7632        47.9177    4.20902e-67
        41.3464        42.5926        49.1815    1.10337e-67
         40.053         42.668        47.4115     3.8064e-66
         40.053         42.668        47.4115     3.8064e-66
        39.4816         44.625        46.6687    1.82469e-66
        38.2961        44.0587        47.5184     4.1713e-66
        38.2961        44.0587        47.5184     4.1713e-66
        38.2961        44.0587        47.5184     4.1713e-66
        38.2277        43.2303        47.6623    9.76482e-66
        38.2277        43.2303        47.6623    9.76482e-66
        38.2277        43.2303        47.6623    9.76482e-66
        38.2277        43.2303        47.6623    9.76482e-66
        37.5352        44.0117        46.1552    5.28518e-65
        38.5974        41.9135        43.3993    6.14025e-63
        38.5974        41.9135        43.3993    6.14025e-63
        38.9745        42.6049        42.3141    6.61478e-63
        38.8142        42.2883        41.2158    4.17721e-62
        39.3689        40.9082        41.6419    6.97391e-62
        40.6433         40.802        41.0487    3.72534e-62
        40.3101        40.1623         40.264    2.83826e-61
        40.6733        39.9837        39.8881    3.52126e-61
        40.6733        39.9837        39.8881    3.52126e-61
         40.235        39.2405        40.7562     4.9981e-61
         40.445        38.3868        39.6388    3.76426e-60
         40.445        38.3868        39.6388    3.76426e-60
         40.445        38.3868        39.6388    3.76426e-60
        40.4919        38.2522        38.7836    1.10832e-59
        39.7711          38.79        39.4176    6.80602e-60
        39.0292        38.9188         38.688    3.22808e-59
        37.9708          39.22        38.7614    7.03162e-59
        37.3242        39.0588        39.1762    1.08478e-58
        37.3242        39.0588        39.1762    1.08478e-58
        37.3242        39.0588        39.1762    1.08478e-58
        37.3242        39.0588        39.1762    1.08478e-58
        37.5679        39.1552        38.8076    1.13399e-58
        36.9213        38.3654         38.568    7.82487e-58
         36.085        38.6999        38.4504    1.53854e-57
        36.9848        40.0121        38.8287    7.68369e-59
        36.9848        40.0121        38.8287    7.68369e-59
        36.3837        39.2536        37.5593    1.60879e-57
        36.4183        38.7692        36.6442    7.87115e-57
        36.4183        38.7692        36.6442    7.87115e-57
        36.2476        38.3991        36.5554    1.64464e-56
        36.1467         38.264        36.9029    1.45499e-56
        37.1454        38.0396        36.5578    9.03045e-57
        37.7732        38.1423        35.8322    8.70884e-57
        37.7232        37.0742        36.6309    1.30889e-56
        38.1137        37.3936        36.2901    8.40444e-57
        38.1137        37.3936        36.2901    8.40444e-57
         37.376        36.4759        37.3612    1.67982e-56
        36.3141        37.7567        36.9656    2.04365e-56
        36.3141        37.7567        36.9656    2.04365e-56
        36.3141        37.7567        36.9656    2.04365e-56
        36.3141        37.7567        36.9656    2.04365e-56
        36.5946        37.1221        36.9264    3.26348e-56
        36.5946        37.1221        36.9264    3.26348e-56
        35.8253        37.1747        36.6191    1.05176e-55
        35.8253        37.1747        36.6191    1.05176e-55
        36.8638        37.2261        37.9092    6.77456e-57
        36.6989        37.5287        37.3649    1.08628e-56
        36.6989        37.5287        37.3649    1.08628e-56
        36.6989        37.5287        37.3649    1.08628e-56
        35.4264        37.0026        37.9378    4.27855e-56
        35.4264        37.0026        37.9378    4.27855e-56
        35.4408        37.9772        37.1788    3.27335e-56
        34.2973        37.9961        37.4752    7.91239e-56
        34.5809         36.988        38.1316    8.75602e-56
        33.6795        37.5229        37.3236      3.247e-55
         31.196        38.7712        36.4354    2.68445e-54
        32.6283        38.9179        35.5937    1.35727e-54
        32.6283        38.9179        35.5937    1.35727e-54
        33.5688        37.9929        35.6873    1.40646e-54
        33.4642         36.771        35.8977    5.43028e-54
        32.1812        37.1723        35.1402    3.21979e-53
        32.7081        36.3052        34.9175    6.81085e-53
        32.2962        35.6873        35.5055    1.12062e-52
        30.3667        34.5398        34.3012    1.46585e-50
        30.3667        34.5398        34.3012    1.46585e-50
        30.3667        34.5398        34.3012    1.46585e-50
        30.3667        34.5398        34.3012    1.46585e-50
        29.6576        32.7328         34.102    3.39058e-49
        28.8123        33.4264        33.0681    1.26381e-48
        28.8123        33.4264        33.0681    1.26381e-48
        28.8123        33.4264        33.0681    1.26381e-48
        27.5108        32.1174        32.7484    3.48368e-47
        26.8987        31.8477        32.3604    1.45136e-46
        26.8987        31.8477        32.3604    1.45136e-46
        26.0932        31.5138        32.4735    4.25811e-46
        26.0932        31.5138        32.4735    4.25811e-46
        25.3488        31.6857        32.9742    3.84457e-46
        24.7236         33.016        31.4747    8.58907e-46
        24.7236         33.016        31.4747    8.58907e-46
        24.7236         33.016        31.4747    8.58907e-46
        25.0487        32.3523        30.8258      3.189e-45
        25.0487        32.3523        30.8258      3.189e-45
        25.0601        31.0879        32.0842    3.21902e-45
        25.0601        31.0879        32.0842    3.21902e-45
         24.332        31.2236        31.7421    8.47242e-45
         24.332        31.2236        31.7421    8.47242e-45
         25.075        31.1385        31.1522     9.4806e-45
        24.4339        30.9178        31.0355    2.69607e-44
        24.4339        30.9178        31.0355    2.69607e-44
        23.2202        30.1226        29.8086    1.06481e-42
        22.4011        30.3261        29.2471    3.58003e-42
        22.4011        30.3261        29.2471    3.58003e-42
        21.8858        30.3831         28.675    1.08252e-41
        21.8858        30.3831         28.675    1.08252e-41
        21.8858        30.3831         28.675    1.08252e-41
        21.8858        30.3831         28.675    1.08252e-41
        21.8858        30.3831         28.675    1.08252e-41
        21.4942        28.9606        29.4246    3.72159e-41
        21.4942        28.9606        29.4246    3.72159e-41
        21.4942        28.9606        29.4246    3.72159e-41
        21.1081        29.3581        28.8502    6.62148e-41
        21.9181        28.5122        27.9825    2.63539e-40
        22.2108        28.3543        27.6193    3.76763e-40
        22.2108        28.3543        27.6193    3.76763e-40
        22.3796        27.2634        27.3185    1.77215e-39
        22.3796        27.2634        27.3185    1.77215e-39
        22.6608        25.9614        26.6466    1.45719e-38
        22.9712        25.8897        25.6249    3.92905e-38
        23.0526        25.4054        25.1407    1.14224e-37
        21.3208        26.9266        24.2216    3.12935e-37
        20.3185        27.1901        23.1435     2.0714e-36
        20.3185        27.1901        23.1435     2.0714e-36
           19.6        26.0437        24.0653    6.42673e-36
           19.6        26.0437        24.0653    6.42673e-36
        19.3691        25.2879        23.2217    5.76459e-35
        19.3691        25.2879        23.2217    5.76459e-35
        19.3691        25.2879        23.2217    5.76459e-35
        19.3691        25.2879        23.2217    5.76459e-35
        19.9558        24.7647        21.9692    2.66171e-34
        19.9558        24.7647        21.9692    2.66171e-34
        19.9558        24.7647        21.9692    2.66171e-34
        19.9558        24.7647        21.9692    2.66171e-34
        19.9558        24.7647        21.9692    2.66171e-34
        18.6704        23.7791        20.7853    1.35726e-32
        18.6704        23.7791        20.7853    1.35726e-32
        18.6729        25.3146        19.5579    6.71122e-33
        18.6729        25.3146        19.5579    6.71122e-33
        18.6729        25.3146        19.5579    6.71122e-33
        17.7186         26.021        18.5993    1.73903e-32
        17.7186         26.021        18.5993    1.73903e-32
        17.5021        26.0629        18.2368    2.91307e-32
        17.3741         24.934        16.7523    7.21996e-31
        16.7646         23.652        18.0181    2.24764e-30
        16.2377        23.3566         18.213    4.58532e-30
        16.2377        23.3566         18.213    4.58532e-30
        14.0503        24.1517        19.1565    3.75274e-30
        14.0503        24.1517        19.1565    3.75274e-30
        14.0503        24.1517        19.1565    3.75274e-30
        14.0503        24.1517        19.1565    3.75274e-30
        12.1868         24.707        18.4435    1.59877e-29
        12.3801        24.5508        18.1884    2.31821e-29
        11.0232        25.0825        17.3526    6.77586e-29
        10.7466         24.061        18.2712     1.4041e-28
        10.2279        23.0711        17.7659    1.55919e-27
        9.57007        23.1246        18.2044    1.31689e-27
        11.3167        22.6302        18.8599    3.88389e-28
        11.3167        22.6302        18.8599    3.88389e-28
        12.2692        22.5061        18.9937    1.94608e-28
        12.6574         21.177         17.884    3.41004e-27
        12.6574         21.177         17.884    3.41004e-27
        13.2383        20.8205         16.624    1.44172e-26
        12.6073        21.6021        16.6515    7.95885e-27
        11.5321        21.7094        16.6979    1.54192e-26
        11.5321        21.7094        16.6979    1.54192e-26
        11.7524        21.6024        16.6386    1.62071e-26
        12.2615        21.6943        15.4023    3.58399e-26
        12.2615        21.6943        15.4023    3.58399e-26
        12.2258        22.1967        14.7317    3.46774e-26
        12.2258        22.1967        14.7317    3.46774e-26
        12.7937        22.2294        13.9448    4.39034e-26
        11.6013        22.5509        15.0597    2.40648e-26
        11.8234        21.9001        15.0696    5.35414e-26
        11.8234        21.9001        15.0696    5.35414e-26
        11.5478        21.9655        15.0838    5.96597e-26
        11.5478        21.9655        15.0838    5.96597e-26
        11.4095        22.6644        14.4402    4.37721e-26
        11.1453        22.5598        15.1526    3.06979e-26
        11.1453        22.5598        15.1526    3.06979e-26
        11.1453        22.5598        15.1526    3.06979e-26
        11.5186        21.5913        14.5499    1.86614e-25
        11.5186        21.5913        14.5499    1.86614e-25
        11.5186        21.5913        14.5499    1.86614e-25
        12.2778        20.6081        14.7795    3.36397e-25
        11.1903        20.7944        14.9792    5.13388e-25
        11.1903        20.7944        14.9792    5.13388e-25
        11.1903        20.7944        14.9792    5.13388e-25
        11.1903        20.7944        14.9792    5.13388e-25
        10.9856        20.2279        15.0692    1.26766e-24
        10.9856        20.2279        15.0692    1.26766e-24
        11.9433        20.6958        13.4628    1.50579e-24
        11.9433        20.6958        13.4628    1.50579e-24
        11.9525        19.8662        12.9767    8.36164e-24
        10.9404        19.6333        12.1295    6.55155e-23
        10.9404        19.6333        12.1295    6.55155e-23
        10.9404        19.6333        12.1295    6.55155e-23
        10.9404        19.6333        12.1295    6.55155e-23
        9.88328        19.5145         10.909    5.86647e-22
        11.0041         18.557        10.6148    1.30436e-21
        10.1287        17.7695        9.30923    3.02498e-20
         10.065        18.0121         9.2265    2.33266e-20
        9.69132        18.1369         9.3244    2.44413e-20
        9.69132        18.1369         9.3244    2.44413e-20
        9.69132        18.1369         9.3244    2.44413e-20
        9.69132        18.1369         9.3244    2.44413e-20
        10.3071        17.0855        8.79275      1.149e-19
        10.3071        17.0855        8.79275      1.149e-19
        10.3071        17.0855        8.79275      1.149e-19
        10.2476        17.0145         8.5103    1.70227e-19
        10.6994        17.6258        8.05209    5.93331e-20
        11.0603        17.2774        7.95006    7.76635e-20
        12.1475        17.1026        7.02446    6.09094e-20
        12.5623        16.7966         5.2986     1.6192e-19
        11.8549        16.1106        4.51451    1.54613e-18
        11.8549        16.1106        4.51451    1.54613e-18
        11.3588        16.3614        4.48974    1.84307e-18
        11.3588        16.3614        4.48974    1.84307e-18
        11.3045        14.5436        4.54758    3.31055e-17
        11.5406        15.7963         3.8889    4.73502e-18
        11.4318        15.0002        3.86779    1.89539e-17
        12.2397        13.8261        4.44036    3.19108e-17
        12.0352        12.6746        5.82866    9.92242e-17
        12.0352        12.6746        5.82866    9.92242e-17
        11.5246        12.4021        6.23945    2.12735e-16
        11.5246        12.4021        6.23945    2.12735e-16
        11.5246        12.4021        6.23945    2.12735e-16
        11.5351        10.5311        5.12585    5.26455e-15
        11.7586        10.7479        5.46597    2.35007e-15
        10.5954         9.5297        6.01978    3.65683e-14
        10.5954         9.5297        6.01978    3.65683e-14
        10.5954         9.5297        6.01978    3.65683e-14
        10.4712        8.74007        6.26327    9.19497e-14
        10.4712        8.74007        6.26327    9.19497e-14
        10.4712        8.74007        6.26327    9.19497e-14
        11.1393        7.78764         5.6035    1.70027e-13
         10.213        7.98498        5.87543    4.33624e-13
        8.79553        7.77943        5.11042    7.52882e-12
        8.78556        8.50107        3.80733    7.55668e-12
        8.78556        8.50107        3.80733    7.55668e-12
        8.78556        8.50107        3.80733    7.55668e-12
        8.78258        7.39832        1.99889    7.51018e-11
        8.78258        7.39832        1.99889    7.51018e-11
        7.95455         7.2761        1.97629    3.02163e-10
        8.75575        7.29103         1.3969    1.06962e-10
        7.77118        7.69053      -0.104189    3.18484e-10
        7.84037        7.31808        0.99652     4.4081e-10
        8.38732        5.85478       0.759455    1.23322e-09
        9.12832         4.9186       0.357604    9.73038e-10
        9.12832         4.9186       0.357604    9.73038e-10
        9.12832         4.9186       0.357604    9.73038e-10
        9.12832         4.9186       0.357604    9.73038e-10
        9.12832         4.9186       0.357604    9.73038e-10
        8.27586        6.33181        1.86242    6.39227e-10
        7.94269        5.81825        1.73787    2.06971e-09
        7.12341        4.94725        1.66694    2.13295e-08
        7.12341        4.94725        1.66694    2.13295e-08
        7.73776         3.9329         1.0851    2.52378e-08
        7.25136        3.35039         2.1773    6.43623e-08
        6.58867        3.47138        2.55418    1.45064e-07
        6.58867        3.47138        2.55418    1.45064e-07
        6.79571        4.34557        2.29763    5.18793e-08
        6.14443        3.91175        2.97366    1.46665e-07
        6.14443        3.91175        2.97366    1.46665e-07
        6.14443        3.91175        2.97366    1.46665e-07
        6.14443        3.91175        2.97366    1.46665e-07
        5.53777        1.70888        3.57117    1.22232e-06
        5.11941        1.76482         2.9935    4.22367e-06
        4.77551        2.26073        2.64162    7.39782e-06
        4.77551        2.26073        2.64162    7.39782e-06
        5.60493        2.02224         2.7327    2.02354e-06
        5.46734        1.78168        2.40528    3.85478e-06
        5.46734        1.78168        2.40528    3.85478e-06
        4.13106        1.50709        2.27286    5.01707e-05
        2.97137        1.22438        2.46884    0.000301984
        1.36759        2.88752        2.68239    0.000237949
        1.35935        2.46921        2.53745    0.000507953
        1.35935        2.46921        2.53745    0.000507953
        1.35935        2.46921        2.53745    0.000507953
       0.804079        1.32185          3.472    0.000499316
        1.03465       0.636383        3.27287    0.000928418
        1.03465       0.636383        3.27287    0.000928418
        1.03465       0.636383        3.27287    0.000928418
        1.03465       0.636383        3.27287    0.000928418
       0.144743       0.731259        3.53163    0.000732608
       0.237963        0.34943        2.30135      0.0092817
       0.939109      0.0211186        2.23563     0.00782906
       0.347797       -1.52112        1.29637      0.0172963
       0.347797       -1.52112        1.29637      0.0172963
       0.347797       -1.52112        1.29637      0.0172963
       0.268541      -0.504735       0.574356       0.197739
        1.47592       0.619908        -0.1136      0.0403688
        1.47592       0.619908        -0.1136      0.0403688
        1.47592       0.619908        -0.1136      0.0403688
        1.19044          0.858       0.791628      0.0356266
        1.19044          0.858       0.791628      0.0356266
     -0.0111768       0.866144       0.588563       0.123131
       0.459187       0.251791       0.760353       0.157789
       -0.64706       0.410525      -0.281545       0.195387
       -0.64706       0.410525      -0.281545       0.195387
       -0.64706       0.410525      -0.281545       0.195387
       -0.64706       0.410525      -0.281545       0.195387
      -0.497753      -0.251616       0.415191       0.248922
      -0.497753      -0.251616       0.415191       0.248922
       0.168591     -0.0167485       0.926861       0.151915
       0.168591     -0.0167485       0.926861       0.151915
       0.455706     -0.0400634       0.211467       0.364966
       0.455706     -0.0400634       0.211467       0.364966
       0.183381     -0.0469858       -1.02178       0.125137
       0.183381     -0.0469858       -1.02178       0.125137
       0.183381     -0.0469858       -1.02178       0.125137
       0.183381     -0.0469858       -1.02178       0.125137
       0.183381     -0.0469858       -1.02178       0.125137
       0.575623      -0.677845        0.72697       0.100538
       0.575623      -0.677845        0.72697       0.100538
       0.575623      -0.677845        0.72697       0.100538
       0.575623      -0.677845        0.72697       0.100538
       0.575623      -0.677845        0.72697       0.100538
       -1.10087      -0.569925       0.120487       0.082829
      -0.416071       0.107487      -0.162094       0.399089
      -0.416071       0.107487      -0.162094       0.399089
      -0.416071       0.107487      -0.162094       0.399089
      -0.416071       0.107487      -0.162094       0.399089
      -0.416071       0.107487      -0.162094       0.399089
      -0.561745        1.48094      -0.933364      0.0253012
       -1.40859       0.197961       -1.63101      0.0131902
       -1.40859       0.197961       -1.63101      0.0131902
       0.256405       0.106379       -1.96481      0.0188991
        1.11237      -0.829735      -0.897067      0.0367037
        1.11237      -0.829735      -0.897067      0.0367037
     -0.0782639       -1.43031       -1.40549      0.0180678
     -0.0782639       -1.43031       -1.40549      0.0180678
        -0.5112       -1.63949      -0.930084      0.0201198
       0.458535       -2.03516      -0.780022      0.0116266
      0.0937503       -2.10051      -0.360175      0.0140316
     -0.0355411       -2.23159      0.0457071      0.0115084
     -0.0628292       -2.04939       -0.58455      0.0140646
       0.494091      -0.307957       0.832684       0.131064
       -0.51464     -0.0935696       0.416206       0.262654
       -0.51464     -0.0935696       0.416206       0.262654
       -0.51464     -0.0935696       0.416206       0.262654
       -0.51464     -0.0935696       0.416206       0.262654
       -0.51464     -0.0935696       0.416206       0.262654
       -0.51464     -0.0935696       0.416206       0.262654
      -0.571603    -0.00961512        0.15738       0.305471
      -0.571603    -0.00961512        0.15738       0.305471
       0.328328       0.451846      -0.503239       0.222325
       0.328328       0.451846      -0.503239       0.222325
       0.328328       0.451846      -0.503239       0.222325
       0.328328       0.451846      -0.503239       0.222325
       0.328328       0.451846      -0.503239       0.222325
       0.207781       0.167692      -0.317431       0.436227
       0.207781       0.167692      -0.317431       0.436227
       0.207781       0.167692      -0.317431       0.436227
       0.207781       0.167692      -0.317431       0.436227
       0.207781       0.167692      -0.317431       0.436227
       0.207781       0.167692      -0.317431       0.436227
     -0.0298538     -0.0204448       0.597897       0.301803
     -0.0298538     -0.0204448       0.597897       0.301803
     -0.0298538     -0.0204448       0.597897       0.301803
     -0.0298538     -0.0204448       0.597897       0.301803
      -0.513833       0.253004        0.33043       0.266481
        1.13067       0.266575      -0.383435      0.0865857
        1.13067       0.266575      -0.383435      0.0865857
       0.988415       0.176218      -0.436425       0.111972
         1.3432       0.287324      -0.638781        0.04833
        1.84733      -0.113416      -0.798533      0.0177485
        1.84733      -0.113416      -0.798533      0.0177485
        1.84733      -0.113416      -0.798533      0.0177485
        1.84733      -0.113416      -0.798533      0.0177485
       0.803933       0.506338      -0.931084      0.0699113
       0.641886       -0.51618       -1.52425      0.0312688
       0.641886       -0.51618       -1.52425      0.0312688
       0.641886       -0.51618       -1.52425      0.0312688
       0.641886       -0.51618       -1.52425      0.0312688
       0.519501       0.753175      -0.618842       0.109791
       0.485443       0.124894        -0.4726       0.252125
       0.485443       0.124894        -0.4726       0.252125
       0.485443       0.124894        -0.4726       0.252125
       0.485443       0.124894        -0.4726       0.252125
      -0.193114      -0.475935      -0.106126       0.350308
      -0.161844      -0.811777      0.0733602        0.18976
      -0.161844      -0.811777      0.0733602        0.18976
      -0.487574       -1.01137       0.581986      0.0797175
      -0.487574       -1.01137       0.581986      0.0797175
       -1.09118      -0.254368      -0.141698       0.104484
      -0.144721      -0.963896      -0.814568      0.0788255
      -0.258763       -1.19632      -0.370617       0.077481
      -0.185979       0.597729       -1.15753      0.0719412
       0.558163       0.138493      -0.702817       0.162637
       0.506878       0.105409      -0.538088       0.224604
       0.553209      0.0872193       0.270815       0.288181
       0.553209      0.0872193       0.270815       0.288181
        0.33953       0.169297       0.682196       0.209885
       0.394908      -0.112555       0.305622       0.359238
       0.394908      -0.112555       0.305622       0.359238
      -0.076042      -0.315477       0.793497       0.180039
      -0.943594        0.59393      -0.268164       0.100913
      -0.943594        0.59393      -0.268164       0.100913
      -0.174793        1.13623      -0.816827      0.0595773
      -0.174793        1.13623      -0.816827      0.0595773
      -0.174793        1.13623      -0.816827      0.0595773
     -0.0964401        1.17711      -0.968722       0.047121
        1.16339      -0.142341        -1.1495       0.037503
        1.48073       -1.42985      -0.871029      0.0114448
        1.89447       -0.81263      -0.273844      0.0156227
       0.436011      -0.886778       0.338049       0.123837
       0.428458      -0.277423         1.7124      0.0280515
       0.428458      -0.277423         1.7124      0.0280515
       0.576228      -0.193566       0.817334       0.130394
       0.272797       0.103937       0.562588       0.281496
       0.272797       0.103937       0.562588       0.281496
       0.272797       0.103937       0.562588       0.281496
       0.272797       0.103937       0.562588       0.281496
      -0.800793      -0.252351       -1.01084      0.0722139
      -0.556181       0.518374      -0.511273       0.160025
      -0.556181       0.518374      -0.511273       0.160025
      -0.556181       0.518374      -0.511273       0.160025
      -0.556181       0.518374      -0.511273       0.160025
        0.10872      0.0966987       0.175602       0.633751
        0.10872      0.0966987       0.175602       0.633751
        0.10872      0.0966987       0.175602       0.633751
        0.10872      0.0966987       0.175602       0.633751
        0.10872      0.0966987       0.175602       0.633751
        1.07346        1.00674      -0.115091      0.0522166
        1.07346        1.00674      -0.115091      0.0522166
        1.45959       0.816079        -0.5547      0.0294907
        1.45959       0.816079        -0.5547      0.0294907
        1.45959       0.816079        -0.5547      0.0294907
       0.544065        1.11947       0.802217      0.0517357
       0.544065        1.11947       0.802217      0.0517357
      -0.337429        1.16642        1.10738      0.0373749
         1.1718        1.13927       0.790998      0.0264795
         1.1718        1.13927       0.790998      0.0264795
         1.1718        1.13927       0.790998      0.0264795
         1.1718        1.13927       0.790998      0.0264795
         1.1718        1.13927       0.790998      0.0264795
        1.16435       0.564728        1.09171      0.0338397
        1.24874       0.378234       0.934415       0.040369
        1.24874       0.378234       0.934415       0.040369
        1.24874       0.378234       0.934415       0.040369
        1.21052      -0.452211      -0.538128      0.0608342
        1.21052      -0.452211      -0.538128      0.0608342
        1.21052      -0.452211      -0.538128      0.0608342
       -0.16095      -0.616568     -0.0626815       0.277868
       -0.16095      -0.616568     -0.0626815       0.277868
       -0.16095      -0.616568     -0.0626815       0.277868
       0.603098       0.243256      -0.767033       0.133827
       0.603098       0.243256      -0.767033       0.133827
       0.166276      -0.387583      -0.993525       0.115479
        1.13153       0.775796      -0.425481      0.0565402
        1.13153       0.775796      -0.425481      0.0565402
        1.89571        1.27401      -0.126624      0.0103055
        1.89571        1.27401      -0.126624      0.0103055
        1.89571        1.27401      -0.126624      0.0103055
        2.12697        1.20978       0.460613      0.0068751
        2.12697        1.20978       0.460613      0.0068751
        2.12697        1.20978       0.460613      0.0068751
        1.66717        1.79431        1.33172     0.00378833
        1.68808        1.09822        2.00587     0.00339723
        1.68808        1.09822        2.00587     0.00339723
        1.54339        1.55312       0.997474     0.00813032
        2.61466        1.32346        1.43342     0.00146686
        2.61466        1.32346        1.43342     0.00146686
        2.53989       0.893125       0.974287     0.00325875
         1.7003         1.0198       0.849451      0.0133804
        1.51547        1.09589        1.00135      0.0143673
        1.00831        0.64785       0.599587       0.068548
        1.00831        0.64785       0.599587       0.068548
        1.00831        0.64785       0.599587       0.068548
     -0.0606308       0.983507      -0.156924       0.135935
       0.742998       0.657142       -1.01017      0.0589258
       0.742998       0.657142       -1.01017      0.0589258
       0.742998       0.657142       -1.01017      0.0589258
       0.742998       0.657142       -1.01017      0.0589258
       0.742998       0.657142       -1.01017      0.0589258
       0.742998       0.657142       -1.01017      0.0589258
       0.742998       0.657142       -1.01017      0.0589258
       0.742998       0.657142       -1.01017      0.0589258
       0.742998       0.657142       -1.01017      0.0589258
       0.350198         1.1294       -1.59745      0.0187807
       0.638524        1.20271      -0.503173      0.0548374
        0.76138      -0.312874      -0.238044       0.180185
        0.76138      -0.312874      -0.238044       0.180185
        0.76138      -0.312874      -0.238044       0.180185
        0.76138      -0.312874      -0.238044       0.180185
       -0.54085       0.507246      -0.339064       0.195796
       -0.54085       0.507246      -0.339064       0.195796
       -0.54085       0.507246      -0.339064       0.195796
       0.831345       0.139827       -0.16418       0.179475
       0.831345       0.139827       -0.16418       0.179475
       0.831345       0.139827       -0.16418       0.179475
      -0.228837       0.678827       0.415698        0.19081
      -0.228837       0.678827       0.415698        0.19081
      -0.228837       0.678827       0.415698        0.19081
       0.786805      0.0219259       0.682765       0.124438
       0.786805      0.0219259       0.682765       0.124438
       0.786805      0.0219259       0.682765       0.124438
       0.345381      -0.611977      0.0162214       0.245171
      -0.622267      0.0544308       0.470475       0.209297
      -0.622267      0.0544308       0.470475       0.209297
      -0.622267      0.0544308       0.470475       0.209297
      -0.622267      0.0544308       0.470475       0.209297
      -0.622267      0.0544308       0.470475       0.209297
      -0.622267      0.0544308       0.470475       0.209297
      -0.622267      0.0544308       0.470475       0.209297
      -0.622267      0.0544308       0.470475       0.209297
      -0.622267      0.0544308       0.470475       0.209297
      -0.622267      0.0544308       0.470475       0.209297
      -0.622267      0.0544308       0.470475       0.209297
      -0.809619      -0.336174       0.707273       0.105109
      -0.809619      -0.336174       0.707273       0.105109
      -0.809619      -0.336174       0.707273       0.105109
       0.707643      -0.302155       0.159973       0.207669
      -0.410828       0.446682       0.494414        0.20897
      -0.410828       0.446682       0.494414        0.20897
      -0.410828       0.446682       0.494414        0.20897
      -0.410828       0.446682       0.494414        0.20897
      -0.410828       0.446682       0.494414        0.20897
      -0.167073    -0.00852098       0.708698       0.233085
      -0.107791      -0.471175       0.371923       0.295302
       0.117177      -0.406214       0.420315       0.303517
      -0.612187       -1.29075       -1.32235      0.0203782
       -1.10825       0.726907      -0.333644      0.0649951
       0.382331       0.775392       -1.08244      0.0626227
       0.382331       0.775392       -1.08244      0.0626227
       0.382331       0.775392       -1.08244      0.0626227
       0.382331       0.775392       -1.08244      0.0626227
       0.382331       0.775392       -1.08244      0.0626227
       0.382331       0.775392       -1.08244      0.0626227
       0.382331       0.775392       -1.08244      0.0626227
        1.26937        0.27901      -0.440128      0.0642907
       0.843034       0.253144      -0.741324       0.100098
       0.640866       0.250867      -0.976607      0.0916773
       0.640866       0.250867      -0.976607      0.0916773
      0.0186039       0.491703       0.133689       0.360673
      -0.153655        1.17567      -0.117697      0.0922742
       -1.12754     -0.0159967       -1.26975      0.0334939
       0.437676        0.34213       -1.04572      0.0936445
       0.437676        0.34213       -1.04572      0.0936445
       0.437676        0.34213       -1.04572      0.0936445
       0.189553        0.41611      -0.780265       0.163859
        0.88437        1.00669       -1.52605      0.0172196
        1.33059        1.25083      -0.687423      0.0201892
        1.33059        1.25083      -0.687423      0.0201892
        1.77859       0.699689      -0.380713      0.0202897
        1.77859       0.699689      -0.380713      0.0202897
        1.77859       0.699689      -0.380713      0.0202897
        1.54133       0.991884       0.791728       0.018441
        1.54133       0.991884       0.791728       0.018441
        1.39889       0.524874        1.77874     0.00960006
        1.29832       0.273233        1.57283      0.0163198
       0.708533         1.4765        1.17696      0.0177121
     -0.0939454       0.516832        1.68292      0.0294223
     -0.0939454       0.516832        1.68292      0.0294223
     -0.0939454       0.516832        1.68292      0.0294223
     -0.0939454       0.516832        1.68292      0.0294223
     -0.0939454       0.516832        1.68292      0.0294223
       0.153061       0.360393        1.58711      0.0380294
        0.54282       0.841552        1.76123      0.0173867
      -0.427766      -0.123002        1.34413      0.0589056
      -0.427766      -0.123002        1.34413      0.0589056
      -0.427766      -0.123002        1.34413      0.0589056
      -0.235115      -0.930828      -0.225805       0.139106
       0.659064      0.0983978     -0.0326066       0.263334
       0.659064      0.0983978     -0.0326066       0.263334
       0.659064      0.0983978     -0.0326066       0.263334
       0.659064      0.0983978     -0.0326066       0.263334
       0.659064      0.0983978     -0.0326066       0.263334
       0.659064      0.0983978     -0.0326066       0.263334
       0.903815       0.526371      -0.351932       0.110021
       0.903815       0.526371      -0.351932       0.110021
       0.903815       0.526371      -0.351932       0.110021
        1.29849     -0.0367762       -1.48929      0.0192082
        1.29849     -0.0367762       -1.48929      0.0192082
        1.79974       0.327896       -1.82361     0.00570686
        1.83307      -0.545153       -1.86374     0.00479237
        1.83307      -0.545153       -1.86374     0.00479237
        1.87802       -1.16554       -1.39693     0.00535632
        2.68603      -0.291075       -0.21836     0.00442215
        2.68603      -0.291075       -0.21836     0.00442215
        2.68603      -0.291075       -0.21836     0.00442215
        1.90377      -0.893197      -0.175507      0.0146927
        1.31304      -0.895205       0.155416      0.0410276
       0.692035       -1.19266      -0.493026      0.0534625
       0.265509      -0.810064       -0.77937      0.0992535
       -1.16524       0.130235      -0.782915      0.0596224
       -1.16524       0.130235      -0.782915      0.0596224
       -1.16524       0.130235      -0.782915      0.0596224
       -1.16524       0.130235      -0.782915      0.0596224
       -1.16524       0.130235      -0.782915      0.0596224
       -1.16524       0.130235      -0.782915      0.0596224
       -1.16524       0.130235      -0.782915      0.0596224
       -1.16524       0.130235      -0.782915      0.0596224
       -0.59605     -0.0567385      -0.799189       0.135715
      -0.453807      -0.372987      -0.218024       0.285605
      -0.453807      -0.372987      -0.218024       0.285605
      -0.453807      -0.372987      -0.218024       0.285605
      -0.453807      -0.372987      -0.218024       0.285605
       0.477353      0.0262326     -0.0309558       0.383603
       0.477353      0.0262326     -0.0309558       0.383603
       0.477353      0.0262326     -0.0309558       0.383603
       0.477353      0.0262326     -0.0309558       0.383603
       0.477353      0.0262326     -0.0309558       0.383603
       0.477353      0.0262326     -0.0309558       0.383603
      0.0713133      -0.445217       0.452293       0.278789
      0.0713133      -0.445217       0.452293       0.278789
      -0.246871      -0.480662       0.369628       0.269993
        1.16773       0.210095       0.525584      0.0746189
        1.16773       0.210095       0.525584      0.0746189
        1.59973      -0.515831       0.114088      0.0344096
        1.17181      -0.969238     -0.0340725      0.0477308
        1.17181      -0.969238     -0.0340725      0.0477308
        1.17181      -0.969238     -0.0340725      0.0477308
        0.39125      -0.980181      -0.402484        0.10445
       0.260433        -1.0045     -0.0201557       0.125454
       0.260433        -1.0045     -0.0201557       0.125454
       0.260433        -1.0045     -0.0201557       0.125454
        0.00708       -1.34825       0.304215      0.0630183
        0.00708       -1.34825       0.304215      0.0630183
      -0.196913       -1.17399      -0.354467      0.0834009
      -0.196913       -1.17399      -0.354467      0.0834009
         0.8343      -0.915155       0.363375      0.0756856
         0.8343      -0.915155       0.363375      0.0756856
         0.8343      -0.915155       0.363375      0.0756856
         0.8343      -0.915155       0.363375      0.0756856
         0.8343      -0.915155       0.363375      0.0756856
        1.36632       -1.19539      -0.681778      0.0206828
        1.36632       -1.19539      -0.681778      0.0206828
        1.36632       -1.19539      -0.681778      0.0206828
        1.19495      -0.978517        1.07106      0.0233065
        1.10619      -0.737522       0.421518      0.0614541
        0.64571      -0.359581       0.126627       0.223197
     -0.0583621      -0.796367      -0.574507        0.13982
     -0.0583621      -0.796367      -0.574507        0.13982
        0.01017      -0.897348       0.600156       0.115419
        0.01017      -0.897348       0.600156       0.115419
      -0.264252      -0.591192       0.144109       0.265323
       0.614357       0.162338      -0.420864       0.217761
       0.614357       0.162338      -0.420864       0.217761
      -0.376657       0.347739      -0.768187       0.157701
      -0.711542       -0.17291       0.242761       0.213764
      -0.711542       -0.17291       0.242761       0.213764
      -0.711542       -0.17291       0.242761       0.213764
      -0.711542       -0.17291       0.242761       0.213764
      -0.837767       0.121169      -0.482205       0.142503
      -0.837767       0.121169      -0.482205       0.142503
       0.578553       0.551254       0.464674       0.157424
       -1.21717       0.192358        1.80376      0.0126639
       -1.21717       0.192358        1.80376      0.0126639
      -0.663131        0.62127         2.0512      0.0112551
      -0.663131        0.62127         2.0512      0.0112551
       -1.51687        1.13779         1.6062     0.00694279
       -1.73773       0.164649        1.23368      0.0139129
       -1.74441     -0.0400321        1.48532      0.0102252
       -1.74441     -0.0400321        1.48532      0.0102252
       0.476169      -0.253785         0.6891       0.173699
       0.910144      -0.205606        1.00345      0.0645396
       0.910144      -0.205606        1.00345      0.0645396
        1.47084      -0.114183      -0.446164       0.045844
        1.47084      -0.114183      -0.446164       0.045844
        1.62078      -0.213012       -1.39324      0.0136261
        1.62078      -0.213012       -1.39324      0.0136261
       0.428745       0.428632       -2.24101     0.00962738
       0.428745       0.428632       -2.24101     0.00962738
       0.428745       0.428632       -2.24101     0.00962738
       0.428745       0.428632       -2.24101     0.00962738
        1.27866      0.0314005       -2.30554     0.00512754
        1.27866      0.0314005       -2.30554     0.00512754
        1.27866      0.0314005       -2.30554     0.00512754
        1.27866      0.0314005       -2.30554     0.00512754
        1.27866      0.0314005       -2.30554     0.00512754
        1.27866      0.0314005       -2.30554     0.00512754
        1.27866      0.0314005       -2.30554     0.00512754
        1.42669       0.595326       -2.53401     0.00264078
        2.10914      -0.651233       -1.67583     0.00391512
        2.10914      -0.651233       -1.67583     0.00391512
        2.18263      0.0489822       -1.54384     0.00475868
        1.35905       0.474476        -2.9989     0.00129016
        1.35653       0.696453        -2.6703     0.00213339
       0.333997       0.277217       -3.00045     0.00232656
        1.51637      0.0119623       -2.46761     0.00304997
        2.45572        1.06251       -1.05595     0.00317293
        1.23474        1.81477       -2.26391     0.00182426
      -0.348152        1.01069       -2.42457     0.00499394
      -0.382962        1.31089       -1.49423      0.0174464
      -0.382962        1.31089       -1.49423      0.0174464
    -0.00398363        1.15319       -1.73041       0.015624
     -0.0164031       0.777873       -1.99553      0.0137918
        1.35691       0.695701      0.0290877      0.0473458
        1.35691       0.695701      0.0290877      0.0473458
    -0.00254166      -0.331747       -1.02323       0.116328
     -0.0138194       0.387405       -1.08168       0.100451
     -0.0138194       0.387405       -1.08168       0.100451
      -0.186529        -1.1972      -0.557602      0.0694197
       0.518438       -1.87189       -1.14987      0.0109503
       0.518438       -1.87189       -1.14987      0.0109503
       0.518438       -1.87189       -1.14987      0.0109503
       0.458843        -1.7227        0.21207      0.0275803
       0.458843        -1.7227        0.21207      0.0275803
       0.359221        -1.0359       0.172331       0.108636
       0.359221        -1.0359       0.172331       0.108636
       0.359221        -1.0359       0.172331       0.108636
       0.455105      -0.699104        0.83117      0.0948771
       0.455105      -0.699104        0.83117      0.0948771
        0.77265       0.378812        1.16277      0.0554038
      -0.156538     -0.0812786        1.73011       0.030864
      -0.230388      -0.548534         2.5462     0.00535587
       -1.12119      -0.501183        2.22478     0.00620456
      -0.248553      -0.718504       0.245902       0.202277
      -0.248553      -0.718504       0.245902       0.202277
      -0.248553      -0.718504       0.245902       0.202277
     -0.0770924       -1.25273     -0.0585686       0.081031
     -0.0770924       -1.25273     -0.0585686       0.081031
       -1.37322       -2.09494       0.334863     0.00638146
      -0.926161       -1.92949      0.0477464      0.0138207
      -0.926161       -1.92949      0.0477464      0.0138207
       -1.03274       -1.27881       0.533643       0.031543
       -1.03274       -1.27881       0.533643       0.031543
       -1.03274       -1.27881       0.533643       0.031543
       -1.03274       -1.27881       0.533643       0.031543
        -2.5185        -0.5758       0.644952     0.00486574
       -2.31816       -1.06985       0.751616     0.00487853
       -1.94713      -0.476169       -0.12061      0.0180201
       -1.09444      -0.028587       0.982158      0.0527809
       -1.79107       0.779391       0.228724       0.019579
       -1.79107       0.779391       0.228724       0.019579
       -1.25525       0.232172       0.645997      0.0571896
      -0.987163       0.421658        1.46894      0.0262859
      -0.455041       -0.22974        1.59754      0.0349513
      -0.232558      -0.214419        2.11077      0.0140003
      -0.232558      -0.214419        2.11077      0.0140003
       -2.23358      -0.325354        1.88425     0.00279333
       -1.74883       -2.22782       0.723011     0.00289102
       -0.11869       -1.98482       0.505078      0.0165228
       -0.11869       -1.98482       0.505078      0.0165228
       -0.11869       -1.98482       0.505078      0.0165228
       0.616746       -1.26105       0.754465      0.0412801
       0.134039      -0.963047       0.768894      0.0838092
       0.134039      -0.963047       0.768894      0.0838092
       -0.64347      -0.653061       0.383697       0.137006
       -0.64347      -0.653061       0.383697       0.137006
       -0.64347      -0.653061       0.383697       0.137006
       -0.64347      -0.653061       0.383697       0.137006
       -0.44106      -0.229113      0.0478048       0.368386
       0.375887      -0.110633      -0.127089       0.438739
       0.375887      -0.110633      -0.127089       0.438739
       0.222149       0.313965      -0.372031        0.34294
       0.222149       0.313965      -0.372031        0.34294
       0.222149       0.313965      -0.372031        0.34294
       0.222149       0.313965      -0.372031        0.34294
       0.222149       0.313965      -0.372031        0.34294
       0.222149       0.313965      -0.372031        0.34294
       0.222149       0.313965      -0.372031        0.34294
       0.222149       0.313965      -0.372031        0.34294
       0.222149       0.313965      -0.372031        0.34294
       0.313856       0.483878        0.14827       0.303914
       0.313856       0.483878        0.14827       0.303914
       0.313856       0.483878        0.14827       0.303914
      -0.302875    -0.00608555       0.594222       0.263429
      -0.148839       -0.59615      -0.229877       0.269258
         1.0228       0.131533      -0.150116        0.12441
        0.17365       -0.29663      -0.242605       0.431094
        0.17365       -0.29663      -0.242605       0.431094
       0.215895      0.0387124       0.254829       0.510456
       0.215895      0.0387124       0.254829       0.510456
       0.215895      0.0387124       0.254829       0.510456
      -0.756245      -0.509271      -0.141217       0.157991
      -0.756245      -0.509271      -0.141217       0.157991
      -0.756245      -0.509271      -0.141217       0.157991
       -1.13436      -0.401688     -0.0118364      0.0900969
       -1.13436      -0.401688     -0.0118364      0.0900969
       -1.13436      -0.401688     -0.0118364      0.0900969
       0.240773   -6.75083e-05      -0.221098       0.520078
       0.240773   -6.75083e-05      -0.221098       0.520078
       0.240773   -6.75083e-05      -0.221098       0.520078
       0.240773   -6.75083e-05      -0.221098       0.520078
       0.240773   -6.75083e-05      -0.221098       0.520078
       0.240773   -6.75083e-05      -0.221098       0.520078
       0.240773   -6.75083e-05      -0.221098       0.520078
     0.00307633       0.459737       0.227326       0.358525
     0.00307633       0.459737       0.227326       0.358525
     0.00307633       0.459737       0.227326       0.358525
      -0.151628       0.115717       0.206307       0.570102
       0.225235       0.134445        0.25511       0.481036
       0.225235       0.134445        0.25511       0.481036
       0.225235       0.134445        0.25511       0.481036
       0.225235       0.134445        0.25511       0.481036
       0.225235       0.134445        0.25511       0.481036
       0.403827       0.935998       0.522971       0.101122
       0.403827       0.935998       0.522971       0.101122
       0.403827       0.935998       0.522971       0.101122
       0.421565       -0.45213      -0.167723       0.277747
     0.00812308      -0.245131      -0.193247        0.53553
     0.00812308      -0.245131      -0.193247        0.53553
     0.00812308      -0.245131      -0.193247        0.53553
       0.249738       0.262193       0.481823       0.299562
       0.393665       0.420321       0.563686       0.199551
       0.393665       0.420321       0.563686       0.199551
       0.393665       0.420321       0.563686       0.199551
       0.393665       0.420321       0.563686       0.199551
       0.393665       0.420321       0.563686       0.199551
       0.393665       0.420321       0.563686       0.199551
       0.393665       0.420321       0.563686       0.199551
       0.393665       0.420321       0.563686       0.199551
      -0.141522       0.559366       0.507588       0.215033
      -0.141522       0.559366       0.507588       0.215033
      -0.141522       0.559366       0.507588       0.215033
      -0.168802       0.367224      0.0714028        0.44006
      -0.225555       0.617412       -0.53558       0.183456
      -0.225555       0.617412       -0.53558       0.183456
      -0.225555       0.617412       -0.53558       0.183456
       0.144372         1.0379      -0.699961      0.0804321
      -0.594891       0.739922        -1.1483      0.0507973
      -0.594891       0.739922        -1.1483      0.0507973
      -0.594891       0.739922        -1.1483      0.0507973
       0.937709     -0.0779146       -1.72277      0.0197229
        1.27348       -1.30006       -1.88404      0.0053061
        1.27348       -1.30006       -1.88404      0.0053061
        1.20331      -0.809206        -2.2586     0.00466316
         1.4757      -0.221333       -2.05378     0.00623679
       0.936873      -0.804417      -0.306058      0.0785204
       0.936873      -0.804417      -0.306058      0.0785204
       0.936873      -0.804417      -0.306058      0.0785204
       0.936873      -0.804417      -0.306058      0.0785204
      -0.178305      -0.606689      -0.966685      0.0992338
      -0.178305      -0.606689      -0.966685      0.0992338
       0.648282      -0.753947      -0.471878       0.110665
       0.413013      -0.655423      -0.323915       0.186489
       0.464501      -0.443325      -0.497258       0.197055
     -0.0404998        0.12388      -0.665666       0.257532
     -0.0404998        0.12388      -0.665666       0.257532
     -0.0404998        0.12388      -0.665666       0.257532
       0.316781     -0.0183652      -0.769104       0.189384
       0.316781     -0.0183652      -0.769104       0.189384
       0.316781     -0.0183652      -0.769104       0.189384
       0.316781     -0.0183652      -0.769104       0.189384
       0.696631      -0.284237       -1.31506      0.0483079
       0.696631      -0.284237       -1.31506      0.0483079
       0.696631      -0.284237       -1.31506      0.0483079
      0.0685786     -0.0839262       -1.08428       0.113114
      0.0685786     -0.0839262       -1.08428       0.113114
       0.463717      -0.933143      -0.418699       0.105825
       0.463717      -0.933143      -0.418699       0.105825
       -1.54535       -1.61141       0.239628        0.01121
       -1.54535       -1.61141       0.239628        0.01121
       -1.54535       -1.61141       0.239628        0.01121
       -1.54535       -1.61141       0.239628        0.01121
      -0.190832       -1.44618      -0.179002      0.0529024
      -0.190832       -1.44618      -0.179002      0.0529024
      -0.190832       -1.44618      -0.179002      0.0529024
       0.793899       -1.52133      -0.315306      0.0305164
       0.948463       -1.22996       0.941759      0.0264421
       0.948463       -1.22996       0.941759      0.0264421
       0.948463       -1.22996       0.941759      0.0264421
       0.380779       -0.88005         1.8175      0.0164098
       0.380779       -0.88005         1.8175      0.0164098
       0.280656       -1.33344        2.62837     0.00268199
      -0.792488      -0.898648        1.86316      0.0119104
      -0.767416       -2.11322        1.43457     0.00482526
      -0.767416       -2.11322        1.43457     0.00482526
       0.604058         -1.075       0.836063      0.0508132
      -0.607541      -0.692059      0.0241338       0.158433
      -0.607541      -0.692059      0.0241338       0.158433
      -0.607541      -0.692059      0.0241338       0.158433
      -0.468103       -1.95871        1.21766     0.00903412
      -0.468103       -1.95871        1.21766     0.00903412
      -0.322328       -1.92316       -1.03783      0.0120591
       0.529723       -1.93626      -0.905048      0.0122283
        2.01716      -0.857122        0.50429      0.0111318
        2.01716      -0.857122        0.50429      0.0111318
        2.01716      -0.857122        0.50429      0.0111318
        2.01716      -0.857122        0.50429      0.0111318
        2.01716      -0.857122        0.50429      0.0111318
       0.211428       -1.01812      0.0931111       0.123935
       0.211428       -1.01812      0.0931111       0.123935
       0.211428       -1.01812      0.0931111       0.123935
       0.411041      -0.871994        0.24511        0.13678
       0.411041      -0.871994        0.24511        0.13678
       0.411041      -0.871994        0.24511        0.13678
       0.411041      -0.871994        0.24511        0.13678
       0.161392      -0.677976      -0.209777       0.233257
        1.04446      -0.827258       0.846059       0.042569
       0.231331      -0.486825     -0.0299538       0.339715
       0.922699       0.974028      -0.483015      0.0577315
       0.922699       0.974028      -0.483015      0.0577315
      0.0734914        1.56983       0.210282      0.0419571
      0.0734914        1.56983       0.210282      0.0419571
      0.0734914        1.56983       0.210282      0.0419571
      0.0961931     -0.0741474         0.6766       0.252883
      0.0961931     -0.0741474         0.6766       0.252883
      0.0961931     -0.0741474         0.6766       0.252883
      0.0961931     -0.0741474         0.6766       0.252883
      0.0961931     -0.0741474         0.6766       0.252883
      -0.533447       0.252965       0.276833       0.271407
      -0.533447       0.252965       0.276833       0.271407
      -0.533447       0.252965       0.276833       0.271407
       0.308267       0.425453      -0.223224       0.319277
       0.308267       0.425453      -0.223224       0.319277
      -0.623577    -0.00750862      -0.178564        0.27325
      -0.623577    -0.00750862      -0.178564        0.27325
      -0.623577    -0.00750862      -0.178564        0.27325
      -0.623577    -0.00750862      -0.178564        0.27325
      -0.959955       0.686083       -0.93897      0.0490025
      -0.959955       0.686083       -0.93897      0.0490025
      -0.535769       0.183407       -1.33379      0.0551298
        0.73498       0.379423      -0.986536      0.0761684
       0.180922       0.523626       -1.60663      0.0334088
       0.180922       0.523626       -1.60663      0.0334088
       0.180922       0.523626       -1.60663      0.0334088
       0.180922       0.523626       -1.60663      0.0334088
      -0.603364       0.684214       -2.02642      0.0117421
       -1.41939        1.12697       -1.56249     0.00834699
       -1.49014     -0.0210795       -1.58565      0.0128795
       -1.49014     -0.0210795       -1.58565      0.0128795
       -1.49014     -0.0210795       -1.58565      0.0128795
      -0.676542         -1.462       -1.49478       0.012336
      -0.815215       -1.08518       -0.50749      0.0551282
      -0.826681       0.747879       -2.08547     0.00883139
       -0.20792      -0.447442       -1.45065      0.0466759
       0.130837       0.295943       0.102883       0.507087
       0.130837       0.295943       0.102883       0.507087
       0.130837       0.295943       0.102883       0.507087
       0.130837       0.295943       0.102883       0.507087
       0.130837       0.295943       0.102883       0.507087
       0.130837       0.295943       0.102883       0.507087
       0.130837       0.295943       0.102883       0.507087
       0.130837       0.295943       0.102883       0.507087
      -0.843386    -0.00293339        1.42438       0.036491
        0.19069       -1.02918        1.28044      0.0366024
       0.135963       -1.08283        1.44243      0.0268493
      -0.505547       -1.72918        1.58515     0.00823544
      -0.563691      -0.767553        1.50399      0.0284312
      -0.563691      -0.767553        1.50399      0.0284312
       -0.59163       -1.48863        1.85573     0.00742451
       -0.59163       -1.48863        1.85573     0.00742451
      -0.219797       -1.09009        2.04567     0.00949712
      -0.219797       -1.09009        2.04567     0.00949712
      -0.219797       -1.09009        2.04567     0.00949712
        0.66933      -0.383542        1.69388      0.0241724
        0.66933      -0.383542        1.69388      0.0241724
        0.66933      -0.383542        1.69388      0.0241724
        1.15162       -1.16828        1.82157      0.0074262
       0.432523       -1.09636        1.30624      0.0296374
      -0.334457       -1.71867       0.847013      0.0204445
       -0.28982      -0.946539       0.542563        0.10459
        -1.6974       0.235082       0.185253      0.0318355
        -1.6974       0.235082       0.185253      0.0318355
