        20.1973        19.3684        19.1802    3.40877e-30
        20.1973        19.3684        19.1802    3.40877e-30
        20.1973        19.3684        19.1802    3.40877e-30
        20.2059        19.5717        19.2157    2.56837e-30
        20.1596        18.9893        18.4279    1.27645e-29
        21.0707         19.418        17.0881    1.05193e-29
        20.2408        19.6797        18.0708    7.68471e-30
        20.2408        19.6797        18.0708    7.68471e-30
        20.2408        19.6797        18.0708    7.68471e-30
        20.1803        20.0676        17.9558    5.90775e-30
        19.9806        20.9839        18.5085    1.36858e-30
        19.9806        20.9839        18.5085    1.36858e-30
        19.1273        21.2738        19.6115    7.46609e-31
        19.8365        20.5972        19.7208    6.73072e-31
        19.8365        20.5972        19.7208    6.73072e-31
        19.8365        20.5972        19.7208    6.73072e-31
        19.8365        20.5972        19.7208    6.73072e-31
        19.5217        19.5476        21.0312    6.95227e-31
        19.5217        19.5476        21.0312    6.95227e-31
        19.5217        19.5476        21.0312    6.95227e-31
        19.5217        19.5476        21.0312    6.95227e-31
        18.6157        19.5192        21.2216    1.54716e-30
        18.6157        19.5192        21.2216    1.54716e-30
        17.0241        18.4768        21.2532    2.61131e-29
        16.1504        17.4189         21.376    1.75121e-28
        16.3864        17.0895        21.3248    2.10516e-28
        17.5401        16.7536        20.4914    2.62993e-28
        18.4086        15.5301        20.0621    5.93657e-28
        18.4086        15.5301        20.0621    5.93657e-28
        18.4086        15.5301        20.0621    5.93657e-28
        18.0046        15.7268        19.9683    8.80524e-28
        18.0604        15.6317        19.4267    1.80938e-27
        17.1671          16.66        20.2802    5.74907e-28
        16.6148        16.9357        20.5145    5.72046e-28
        17.1878        16.2701        21.0088    3.25152e-28
        17.1878        16.2701        21.0088    3.25152e-28
        17.1878        16.2701        21.0088    3.25152e-28
        17.4994        16.7997        20.3113    3.30334e-28
         17.283        16.0711        18.9636    5.04762e-27
        17.6553        15.6702        18.8263    5.93717e-27
        16.7566         15.221        18.6233    3.45546e-26
        17.3719        15.1333        18.0821    3.64053e-26
         16.909        15.8159        17.0789    1.02379e-25
        16.1689         15.938        16.2487    5.62093e-25
        16.9107        14.9448        14.8805    3.31107e-24
        16.8508         14.843         14.308    7.45301e-24
        15.8708        17.3983        13.0313    4.19059e-24
        15.8708        17.3983        13.0313    4.19059e-24
        15.6269        16.2453        14.3945     5.8792e-24
        16.1363        17.0243        13.5724    2.89167e-24
        16.1363        17.0243        13.5724    2.89167e-24
        16.1299        15.5738        13.5073    1.83709e-23
        16.1299        15.5738        13.5073    1.83709e-23
        16.2053        13.8038        14.4448    4.51837e-23
        15.9618         14.297        14.2289    4.54719e-23
        16.9854        12.3424        13.8308    1.45126e-22
        15.7999         11.776        14.6805    4.53131e-22
        14.8028        11.4957        15.8584    4.73197e-22
        14.8028        11.4957        15.8584    4.73197e-22
        15.5174        10.3926        15.1502    1.29374e-21
        15.5174        10.3926        15.1502    1.29374e-21
        15.6584        11.5604         15.333    3.00925e-22
        14.3506        10.1538        15.2526     6.0876e-21
        13.2045        9.46134         16.034    1.49533e-20
        11.6975        10.5235        13.9358    5.53991e-19
        8.94149        10.9986        15.3147    7.49091e-19
        8.51232        11.6632        15.0752    7.38736e-19
         7.4271        11.5029        14.7587    3.26271e-18
        6.32883        12.0576        13.3785    2.62258e-17
        6.32883        12.0576        13.3785    2.62258e-17
        5.44597        11.7243        12.7389    1.72077e-16
         4.6612        12.0876        12.5602    2.12289e-16
         4.6612        12.0876        12.5602    2.12289e-16
        4.23599        11.6493         11.817    1.33291e-15
        5.10404        11.8593        10.9633    1.94102e-15
        5.10404        11.8593        10.9633    1.94102e-15
        5.10404        11.8593        10.9633    1.94102e-15
         5.2846        11.9062        10.8288    1.93442e-15
         5.2846        11.9062        10.8288    1.93442e-15
         5.2846        11.9062        10.8288    1.93442e-15
        4.22618        12.2074        10.9021    2.07749e-15
        3.57958        12.0462        11.3169    2.04596e-15
        3.97477        11.0316        11.6534    4.37283e-15
        3.97477        11.0316        11.6534    4.37283e-15
        3.97477        11.0316        11.6534    4.37283e-15
        4.21845        11.1279        11.2848    5.68585e-15
        3.57189        10.3382        11.0452    3.14923e-14
         2.7355        10.6727        10.9276    3.32221e-14
        3.63533        11.9849        11.3058    2.21249e-15
        3.63533        11.9849        11.3058    2.21249e-15
        3.03423        11.2264        10.0365     4.5429e-14
        3.06881         10.742        9.12136    2.97044e-13
        3.06881         10.742        9.12136    2.97044e-13
        2.89812        10.3719        9.03255     6.1856e-13
        2.79723        10.2368        9.38011    4.98621e-13
        3.79598        10.0123        9.03501     6.7737e-13
        3.69004        10.2914        7.82266    2.10496e-12
        3.49345        10.2414        6.75447    8.32487e-12
        3.49345        10.2414        6.75447    8.32487e-12
        3.49345        10.2414        6.75447    8.32487e-12
        2.34086        9.50369        5.83676    1.26359e-10
        3.41197        8.44178        7.11761    9.15529e-11
        2.96461        8.03545        8.23363    4.79279e-11
        4.38182        6.68215         8.1962     1.1414e-10
        4.38182        6.68215         8.1962     1.1414e-10
        4.37822        6.96273        7.56163    1.97522e-10
        4.33904        7.88741        7.27562    8.83821e-11
        4.18157        7.11808        7.32818    2.58126e-10
         3.8742         8.4285         7.0069    7.98848e-11
         3.8742         8.4285         7.0069    7.98848e-11
        4.12436        8.26367        7.30948    5.88231e-11
        5.02555         7.6657        7.23616    7.18479e-11
        5.02555         7.6657        7.23616    7.18479e-11
        5.66391        6.39312        6.71009    3.67813e-10
        5.66391        6.39312        6.71009    3.67813e-10
        5.66391        6.39312        6.71009    3.67813e-10
        5.53424         5.2496        6.72896    1.46187e-09
        5.83062        5.53322        5.72089    2.69372e-09
        6.48704        4.63181        6.25577    1.58096e-09
        6.48704        4.63181        6.25577    1.58096e-09
        6.48704        4.63181        6.25577    1.58096e-09
        6.48704        4.63181        6.25577    1.58096e-09
        6.48704        4.63181        6.25577    1.58096e-09
        6.48704        4.63181        6.25577    1.58096e-09
        6.48704        4.63181        6.25577    1.58096e-09
        6.47328        3.94516        6.36268    2.53246e-09
        6.47328        3.94516        6.36268    2.53246e-09
        5.26898        4.16029        7.42093    2.03244e-09
        5.26898        4.16029        7.42093    2.03244e-09
        5.26898        4.16029        7.42093    2.03244e-09
        5.88333        3.45119        5.61398    2.12232e-08
        5.68406        2.60584        6.30757    1.92959e-08
         5.0823        2.56094        6.44833     3.3859e-08
         5.0823        2.56094        6.44833     3.3859e-08
        4.53175        1.25944        5.13935    8.88664e-07
        4.21206       0.647377        4.86963    2.39533e-06
        3.82408        1.27549        4.58551    4.97526e-06
        4.13407      -0.155228        5.30193    1.44135e-06
        4.13407      -0.155228        5.30193    1.44135e-06
        3.76758      -0.899654        5.47387    1.49777e-06
        3.76758      -0.899654        5.47387    1.49777e-06
        2.26817       0.772635        6.11525    1.97314e-06
        2.26817       0.772635        6.11525    1.97314e-06
        2.94482        0.92653        5.17924    5.79213e-06
         2.2271       0.114764        4.71483    2.94958e-05
        1.30888     -0.0434012        4.72624    5.49737e-05
      0.0444517        1.21497        4.12643    0.000183441
      0.0444517        1.21497        4.12643    0.000183441
      0.0444517        1.21497        4.12643    0.000183441
        -0.4242        2.26046        4.86937    2.10122e-05
       -1.25023        1.42636        4.54682    5.25811e-05
       -1.25023        1.42636        4.54682    5.25811e-05
       -1.25023        1.42636        4.54682    5.25811e-05
        -2.4771       0.607278        4.75031    2.07417e-05
       -1.94284        1.26702        5.04322     1.5081e-05
       -1.65406       0.860802        5.13392    1.80186e-05
       -2.39672       0.861579        5.59474    4.57755e-06
       -2.39672       0.861579        5.59474    4.57755e-06
       -2.39672       0.861579        5.59474    4.57755e-06
       -2.39672       0.861579        5.59474    4.57755e-06
       -1.20708        1.61512        4.53487    4.88935e-05
       -1.20708        1.61512        4.53487    4.88935e-05
       -1.03333        1.92795        4.78837    2.67579e-05
       -1.03333        1.92795        4.78837    2.67579e-05
      -0.223356        1.08207        3.92061    0.000289707
      0.0693978       0.924148        3.55743    0.000641095
      0.0693978       0.924148        3.55743    0.000641095
       0.238099      -0.166763        3.25663     0.00144571
       0.238099      -0.166763        3.25663     0.00144571
       0.519357       -1.46876        2.58476      0.0023914
       0.829745       -1.54046        1.56302     0.00916512
       0.829745       -1.54046        1.56302     0.00916512
       0.829745       -1.54046        1.56302     0.00916512
       0.829745       -1.54046        1.56302     0.00916512
       0.829745       -1.54046        1.56302     0.00916512
      -0.131226      -0.240507       -0.17332       0.522885
      -0.131226      -0.240507       -0.17332       0.522885
      -0.131226      -0.240507       -0.17332       0.522885
      -0.131226      -0.240507       -0.17332       0.522885
      -0.131226      -0.240507       -0.17332       0.522885
      -0.131226      -0.240507       -0.17332       0.522885
      -0.131226      -0.240507       -0.17332       0.522885
      -0.131226      -0.240507       -0.17332       0.522885
      -0.131226      -0.240507       -0.17332       0.522885
      -0.131226      -0.240507       -0.17332       0.522885
      -0.131226      -0.240507       -0.17332       0.522885
       0.221146       0.375357     -0.0115913       0.418271
       0.221146       0.375357     -0.0115913       0.418271
      -0.295078       0.291289       0.999465       0.114851
       0.605748       0.116213       0.870082       0.118475
       0.605748       0.116213       0.870082       0.118475
       0.605748       0.116213       0.870082       0.118475
       0.605748       0.116213       0.870082       0.118475
       0.477691       -1.01268      -0.614392      0.0777423
       0.371308      -0.937349      -0.174397       0.129203
        0.83446       0.182227       0.110422       0.178625
       0.119347     -0.0525882       0.561892       0.315481
       0.119347     -0.0525882       0.561892       0.315481
       0.119347     -0.0525882       0.561892       0.315481
       0.119347     -0.0525882       0.561892       0.315481
       0.119347     -0.0525882       0.561892       0.315481
       -1.74424       0.502701      -0.151148      0.0261728
       -1.61568      -0.125683       0.527253      0.0330955
       -1.76661      -0.443298      -0.174829      0.0257451
       -1.76661      -0.443298      -0.174829      0.0257451
       -1.76661      -0.443298      -0.174829      0.0257451
       -1.32816        0.43098      -0.120249      0.0606274
      -0.498843       0.917169       -0.44566       0.103273
      -0.498843       0.917169       -0.44566       0.103273
      -0.498843       0.917169       -0.44566       0.103273
      -0.498843       0.917169       -0.44566       0.103273
      -0.829329       0.791515       0.135254      0.0993858
      -0.982135       0.127993      -0.676786      0.0907929
      -0.954627       0.018398       -1.50271      0.0284169
      -0.908236       0.652871      -0.216505       0.102427
       0.324376        0.38467       0.328123       0.300765
        1.21051       -0.12961       0.158934       0.085818
        1.21051       -0.12961       0.158934       0.085818
       0.413337      -0.165352       0.661249       0.203053
      -0.257187       -1.24249       0.798575      0.0498652
      -0.626647       -1.06154       0.885809      0.0480303
      -0.626647       -1.06154       0.885809      0.0480303
      -0.410046      -0.839477       0.234998       0.145622
      -0.410046      -0.839477       0.234998       0.145622
      -0.410046      -0.839477       0.234998       0.145622
       0.186401       0.449803     -0.0191039       0.377365
      -0.104246       0.311488       0.679826       0.220901
      -0.681031      0.0472668       0.575214       0.167731
      -0.681031      0.0472668       0.575214       0.167731
       0.646575       0.564426        2.18961     0.00906237
       0.809128       0.937809         1.2211      0.0308487
       0.809128       0.937809         1.2211      0.0308487
      -0.670854      0.0257657        1.70073      0.0258127
      -0.138477       0.784933       0.717561       0.117075
      0.0911367      -0.302526       0.903852       0.147346
      0.0911367      -0.302526       0.903852       0.147346
      0.0911367      -0.302526       0.903852       0.147346
      0.0911367      -0.302526       0.903852       0.147346
      0.0911367      -0.302526       0.903852       0.147346
       -0.37168        1.21521       0.879221      0.0454758
        0.10044        1.31168        1.12526       0.031359
        0.10044        1.31168        1.12526       0.031359
       0.109625       0.482126       0.639083       0.198686
      -0.902417       0.249244      -0.208097       0.146885
      -0.902417       0.249244      -0.208097       0.146885
       -0.52871       0.302366      -0.896451       0.114456
       -0.62753       0.734882      -0.325047       0.130143
       -0.62753       0.734882      -0.325047       0.130143
       -0.62753       0.734882      -0.325047       0.130143
       -0.62753       0.734882      -0.325047       0.130143
      -0.358444      0.0909189      -0.698699       0.205759
      -0.358444      0.0909189      -0.698699       0.205759
      -0.358444      0.0909189      -0.698699       0.205759
      -0.358444      0.0909189      -0.698699       0.205759
      -0.358444      0.0909189      -0.698699       0.205759
      -0.526287    -0.00365363       -1.40743      0.0495278
      -0.526287    -0.00365363       -1.40743      0.0495278
       0.496212      -0.494428       -1.66172      0.0271424
       0.213765     -0.0426169       -1.05037        0.11701
       -0.24444      0.0493771      -0.992313       0.129207
       -0.67931      -0.185391      -0.942105      0.0951449
       -0.67931      -0.185391      -0.942105      0.0951449
       -0.67931      -0.185391      -0.942105      0.0951449
      -0.879165       -1.23777      0.0161924      0.0479964
      -0.879165       -1.23777      0.0161924      0.0479964
      -0.879165       -1.23777      0.0161924      0.0479964
      -0.879165       -1.23777      0.0161924      0.0479964
      -0.357064       -1.76101        1.00069       0.016352
      -0.688313      -0.995719       0.101675      0.0880844
      -0.688313      -0.995719       0.101675      0.0880844
      -0.688313      -0.995719       0.101675      0.0880844
      -0.688313      -0.995719       0.101675      0.0880844
      -0.186215      -0.969814       0.575019       0.101725
      -0.186215      -0.969814       0.575019       0.101725
      -0.186215      -0.969814       0.575019       0.101725
       0.808381       -0.46165       0.377083       0.134153
       0.808381       -0.46165       0.377083       0.134153
     -0.0873042       0.327591       0.265566       0.422609
     -0.0873042       0.327591       0.265566       0.422609
     -0.0873042       0.327591       0.265566       0.422609
     -0.0873042       0.327591       0.265566       0.422609
     -0.0873042       0.327591       0.265566       0.422609
     -0.0873042       0.327591       0.265566       0.422609
      -0.747073      -0.598708       0.462907       0.119215
      -0.150505       -1.08892      -0.180348        0.10775
      -0.150505       -1.08892      -0.180348        0.10775
      0.0510661       -1.04578      -0.023264       0.123124
      0.0510661       -1.04578      -0.023264       0.123124
      0.0510661       -1.04578      -0.023264       0.123124
      -0.370891       0.054818       -1.12618      0.0931177
      -0.370891       0.054818       -1.12618      0.0931177
      -0.370891       0.054818       -1.12618      0.0931177
      0.0286055       -1.44628       -1.05698       0.027788
      0.0286055       -1.44628       -1.05698       0.027788
      0.0286055       -1.44628       -1.05698       0.027788
      -0.642833      -0.707717        0.53546       0.111734
      -0.642833      -0.707717        0.53546       0.111734
      -0.642833      -0.707717        0.53546       0.111734
       0.484517      -0.950978      -0.616845      0.0849705
       0.863826      -0.631023      0.0718398       0.117146
        1.12407      -0.370259      -0.261335      0.0885689
        1.12407      -0.370259      -0.261335      0.0885689
        1.05314      0.0875477       0.372721       0.106336
        1.05314      0.0875477       0.372721       0.106336
       0.471295      -0.398854      -0.209788       0.271398
       0.471295      -0.398854      -0.209788       0.271398
       0.690794      -0.460997        0.13146       0.186065
       0.690794      -0.460997        0.13146       0.186065
        1.14278      -0.877698      -0.290811      0.0528668
        1.14278      -0.877698      -0.290811      0.0528668
        1.02244      -0.168818       -0.48146        0.10174
        1.50752      -0.431123       -0.50591      0.0370642
       0.489498       0.378119      -0.944151       0.104619
       0.489498       0.378119      -0.944151       0.104619
       0.489498       0.378119      -0.944151       0.104619
       0.489498       0.378119      -0.944151       0.104619
       0.489498       0.378119      -0.944151       0.104619
      -0.183645       0.413194      -0.130727       0.390093
      -0.183645       0.413194      -0.130727       0.390093
      -0.183645       0.413194      -0.130727       0.390093
      -0.183645       0.413194      -0.130727       0.390093
      -0.183645       0.413194      -0.130727       0.390093
      -0.183645       0.413194      -0.130727       0.390093
      -0.183645       0.413194      -0.130727       0.390093
      -0.183645       0.413194      -0.130727       0.390093
      -0.183645       0.413194      -0.130727       0.390093
      -0.183645       0.413194      -0.130727       0.390093
      -0.183645       0.413194      -0.130727       0.390093
      -0.183645       0.413194      -0.130727       0.390093
      0.0844844      -0.476708      -0.035851       0.378733
      0.0844844      -0.476708      -0.035851       0.378733
      0.0844844      -0.476708      -0.035851       0.378733
      -0.419533       0.493054      -0.362419       0.226761
      -0.419533       0.493054      -0.362419       0.226761
      -0.419533       0.493054      -0.362419       0.226761
      -0.419533       0.493054      -0.362419       0.226761
      -0.419533       0.493054      -0.362419       0.226761
      -0.679957      -0.182189       0.337445       0.209866
      -0.527329       -1.25322       0.865263       0.039826
      -0.527329       -1.25322       0.865263       0.039826
      -0.993353      -0.770069      0.0470559      0.0808203
      -0.993353      -0.770069      0.0470559      0.0808203
       -1.06878      -0.091713       0.419905       0.099866
       -0.32245       0.406461      -0.187375       0.331788
       -0.32245       0.406461      -0.187375       0.331788
       -0.32245       0.406461      -0.187375       0.331788
       -0.32245       0.406461      -0.187375       0.331788
       -0.32245       0.406461      -0.187375       0.331788
      -0.857094       0.182469      -0.595156         0.1202
      -0.622226       0.694138       -1.41376      0.0338145
      -0.148224        1.33356       -1.03868      0.0335858
      -0.171539        0.61817       -1.05178      0.0850961
       0.850065       0.548398       -0.50952       0.103793
       0.850065       0.548398       -0.50952       0.103793
       0.850065       0.548398       -0.50952       0.103793
       0.850065       0.548398       -0.50952       0.103793
       0.850065       0.548398       -0.50952       0.103793
      -0.873506      -0.439428       0.632346      0.0974005
      -0.873506      -0.439428       0.632346      0.0974005
       -1.75402      -0.218478       0.204623      0.0284741
       -1.67224      -0.923771       0.334189       0.020674
       -1.67224      -0.923771       0.334189       0.020674
       -1.14325       -1.57562      -0.303787      0.0194386
       -1.14325       -1.57562      -0.303787      0.0194386
       -1.42483       -1.06878       -0.37966      0.0261921
       -1.24242       -1.00276       0.170532      0.0403013
       -1.24242       -1.00276       0.170532      0.0403013
       -1.24242       -1.00276       0.170532      0.0403013
       -1.26627        0.18931        1.31102      0.0256043
       -1.41194        1.56276       0.539748      0.0129275
       -2.25879       0.279784      -0.157894      0.0104302
       -2.25879       0.279784      -0.157894      0.0104302
      -0.593795       0.188202      -0.491694       0.204504
        0.26217      -0.747912       0.576045       0.140926
        0.26217      -0.747912       0.576045       0.140926
       0.649433       -1.11526       0.728877      0.0515943
       0.649433       -1.11526       0.728877      0.0515943
       0.649433       -1.11526       0.728877      0.0515943
       0.253763        -0.9652       0.188629       0.131159
       0.253763        -0.9652       0.188629       0.131159
       0.122681      -0.559318       0.719842       0.158876
      -0.299212      -0.760118      -0.085562       0.193454
      -0.299212      -0.760118      -0.085562       0.193454
      -0.299212      -0.760118      -0.085562       0.193454
        0.45908      -0.395048      -0.703509       0.156202
        0.45908      -0.395048      -0.703509       0.156202
        0.45908      -0.395048      -0.703509       0.156202
       0.345166     -0.0970607      -0.257819       0.413439
       0.345166     -0.0970607      -0.257819       0.413439
       0.345166     -0.0970607      -0.257819       0.413439
       0.345166     -0.0970607      -0.257819       0.413439
     -0.0320995      -0.371654      0.0114585       0.474057
     -0.0320995      -0.371654      0.0114585       0.474057
     -0.0320995      -0.371654      0.0114585       0.474057
      -0.759817       -1.33779        1.66537       0.010732
       -2.02643      -0.277847       0.624097      0.0138847
       -2.64715      -0.334198       0.653875     0.00411042
       -3.07276       -1.06449     -0.0456657      0.0014967
       -3.07276       -1.06449     -0.0456657      0.0014967
       -3.07276       -1.06449     -0.0456657      0.0014967
       -1.67182        -1.8498      -0.366324      0.0064724
       -1.67182        -1.8498      -0.366324      0.0064724
       -1.41037       -3.07189      -0.335118     0.00112103
      0.0905094       -2.93201        -1.3062     0.00162514
      -0.827326       -2.04458       0.640484      0.0101176
      -0.827326       -2.04458       0.640484      0.0101176
      -0.827326       -2.04458       0.640484      0.0101176
      -0.416574       -1.91062        1.14127      0.0107983
      -0.416574       -1.91062        1.14127      0.0107983
      -0.836871       -2.05287        1.05092     0.00739642
       -1.62427       -2.02389         1.2922     0.00303365
       -1.62427       -2.02389         1.2922     0.00303365
       -1.68831       -1.44777        1.13402     0.00678547
      -0.665299      -0.841518      -0.117626       0.115516
      -0.665299      -0.841518      -0.117626       0.115516
      -0.665299      -0.841518      -0.117626       0.115516
      -0.665299      -0.841518      -0.117626       0.115516
      0.0195864     -0.0724025       0.058069       0.827196
      0.0195864     -0.0724025       0.058069       0.827196
      0.0195864     -0.0724025       0.058069       0.827196
      0.0195864     -0.0724025       0.058069       0.827196
      0.0195864     -0.0724025       0.058069       0.827196
      -0.133072       0.363557        1.22839      0.0760844
      -0.133072       0.363557        1.22839      0.0760844
      -0.133072       0.363557        1.22839      0.0760844
      -0.811593       0.846698      0.0119841      0.0957681
      -0.691166       0.281887      -0.328105       0.195786
      -0.691166       0.281887      -0.328105       0.195786
      -0.586317     -0.0438434      -0.527693       0.205962
     -0.0776911      -0.298473       0.386185       0.372151
     -0.0776911      -0.298473       0.386185       0.372151
     -0.0776911      -0.298473       0.386185       0.372151
     -0.0776911      -0.298473       0.386185       0.372151
       0.366259       -1.22831       0.915451      0.0428436
      -0.420649      -0.352372        1.58986       0.034604
      0.0340596      -0.403658        1.55677      0.0400658
       0.198788      -0.357326        1.53858      0.0414202
       0.198788      -0.357326        1.53858      0.0414202
      -0.693285      -0.571005        1.62066      0.0245806
      -0.693285      -0.571005        1.62066      0.0245806
      -0.693285      -0.571005        1.62066      0.0245806
      -0.693285      -0.571005        1.62066      0.0245806
      -0.693285      -0.571005        1.62066      0.0245806
      -0.728884       0.393017       0.971253      0.0778714
      -0.728884       0.393017       0.971253      0.0778714
      -0.728884       0.393017       0.971253      0.0778714
      -0.728884       0.393017       0.971253      0.0778714
        0.29635        0.47137        1.01213      0.0992268
        0.29635        0.47137        1.01213      0.0992268
        0.29635        0.47137        1.01213      0.0992268
       0.574817       0.802232       0.570126       0.102335
       0.574817       0.802232       0.570126       0.102335
       0.574817       0.802232       0.570126       0.102335
        1.35146       0.953741      -0.575951      0.0301063
        1.35146       0.953741      -0.575951      0.0301063
       0.545572        1.36865       -1.68312      0.0114038
      0.0562792         1.5722       -1.43136      0.0142097
      0.0562792         1.5722       -1.43136      0.0142097
      -0.629049      -0.309146       -1.22548       0.059396
      -0.629049      -0.309146       -1.22548       0.059396
       0.260358     -0.0645336      -0.454756       0.347864
        0.75993      -0.837309       0.371607      0.0925061
        1.06428       -1.36943      -0.118041      0.0309076
        1.06428       -1.36943      -0.118041      0.0309076
        1.70481      -0.704527      -0.539716      0.0214083
        2.03576      -0.993817     -0.0698335      0.0107492
        1.68473       -1.47435       0.095725      0.0113152
        1.75255       -2.13864       0.681198     0.00336158
        2.45881       -1.63784       0.207792     0.00267629
        2.45881       -1.63784       0.207792     0.00267629
        2.45881       -1.63784       0.207792     0.00267629
        1.91853       -1.25171      0.0171296      0.0102382
        1.91853       -1.25171      0.0171296      0.0102382
        1.91853       -1.25171      0.0171296      0.0102382
       0.882113       -1.51633      -0.304914      0.0284076
       0.882113       -1.51633      -0.304914      0.0284076
       0.882113       -1.51633      -0.304914      0.0284076
        1.18728      -0.931318     0.00361563      0.0489017
        1.18728      -0.931318     0.00361563      0.0489017
        1.04656       -1.39668      -0.239088      0.0295058
        1.04656       -1.39668      -0.239088      0.0295058
        1.04656       -1.39668      -0.239088      0.0295058
      -0.550397       -1.36552       -0.24654       0.050512
       -1.12494       -1.06481      -0.162155      0.0443841
      0.0704789   -0.000861015       0.664357        0.26285
      0.0704789   -0.000861015       0.664357        0.26285
      0.0704789   -0.000861015       0.664357        0.26285
       0.424204      -0.110399       0.724212       0.183954
      -0.393147        1.01283        1.13161      0.0433926
       0.647421        1.11394       0.905599      0.0428655
       0.647421        1.11394       0.905599      0.0428655
       0.647421        1.11394       0.905599      0.0428655
       0.647421        1.11394       0.905599      0.0428655
          1.494     -0.0955316       0.989064      0.0276387
        2.04922      -0.532353       0.358225      0.0136412
        2.04922      -0.532353       0.358225      0.0136412
        2.04922      -0.532353       0.358225      0.0136412
        2.04922      -0.532353       0.358225      0.0136412
        2.04922      -0.532353       0.358225      0.0136412
       0.698367      -0.293822       0.683023       0.130007
       0.698367      -0.293822       0.683023       0.130007
         1.2856      -0.561729      0.0293835      0.0604132
         1.2856      -0.561729      0.0293835      0.0604132
         1.2856      -0.561729      0.0293835      0.0604132
         1.2856      -0.561729      0.0293835      0.0604132
        1.95975      -0.709518      -0.295967       0.014842
        1.95975      -0.709518      -0.295967       0.014842
        0.95136       0.361751      -0.525632       0.101159
        0.95136       0.361751      -0.525632       0.101159
       0.921996       0.833835      -0.590437      0.0637725
       0.462859    -0.00575752      -0.463762       0.269687
       0.338023      -0.190584      -0.387669       0.333861
       0.338023      -0.190584      -0.387669       0.333861
       0.338023      -0.190584      -0.387669       0.333861
      -0.487969     -0.0116063      -0.307908       0.315303
      -0.487969     -0.0116063      -0.307908       0.315303
      -0.487969     -0.0116063      -0.307908       0.315303
       0.068029       0.199767      -0.344162       0.446007
       0.068029       0.199767      -0.344162       0.446007
       0.068029       0.199767      -0.344162       0.446007
     -0.0806864      -0.652553      -0.317688       0.232121
      -0.622425      -0.707091     -0.0663657       0.151269
      -0.622425      -0.707091     -0.0663657       0.151269
     -0.0763522      0.0101258       -1.09839       0.110562
     -0.0763522      0.0101258       -1.09839       0.110562
     -0.0763522      0.0101258       -1.09839       0.110562
       0.373877        1.12666       -1.28621      0.0301804
       0.496734      -0.388928       -1.02109      0.0906707
       0.496734      -0.388928       -1.02109      0.0906707
       0.496734      -0.388928       -1.02109      0.0906707
       0.496734      -0.388928       -1.02109      0.0906707
      -0.805497       0.431191       -1.12211       0.055352
      -0.805497       0.431191       -1.12211       0.055352
      -0.805497       0.431191       -1.12211       0.055352
      -0.805497       0.431191       -1.12211       0.055352
      -0.805497       0.431191       -1.12211       0.055352
      -0.805497       0.431191       -1.12211       0.055352
      -0.979498       0.430313       0.508654      0.0935526
      -0.979498       0.430313       0.508654      0.0935526
        0.22916        0.89136      0.0343497       0.158504
         1.2448       0.234458       0.301416      0.0739686
         1.2448       0.234458       0.301416      0.0739686
         1.2448       0.234458       0.301416      0.0739686
       0.803378      -0.399445      -0.365127       0.144091
      -0.164271       0.266963      0.0891262       0.521128
      -0.164271       0.266963      0.0891262       0.521128
      -0.164271       0.266963      0.0891262       0.521128
      -0.164271       0.266963      0.0891262       0.521128
      -0.164271       0.266963      0.0891262       0.521128
      -0.164271       0.266963      0.0891262       0.521128
      -0.164271       0.266963      0.0891262       0.521128
       0.122515        0.68522       0.396673       0.201422
       0.122515        0.68522       0.396673       0.201422
       0.122515        0.68522       0.396673       0.201422
     -0.0771882     -0.0221691      -0.288475       0.549421
       0.434816      -0.209521       -0.67908       0.188951
       0.434816      -0.209521       -0.67908       0.188951
       0.313882       0.455208       -1.03328      0.0959576
       0.313882       0.455208       -1.03328      0.0959576
       0.130427     -0.0932996       -0.91485       0.156047
       0.130427     -0.0932996       -0.91485       0.156047
       0.130427     -0.0932996       -0.91485       0.156047
      -0.251374      0.0205981      -0.533858        0.30701
      -0.251374      0.0205981      -0.533858        0.30701
       0.870982       0.264353      -0.989061      0.0679967
       0.870982       0.264353      -0.989061      0.0679967
        1.09595       0.329314      -0.940669      0.0516787
       0.140501        1.13652     -0.0709163       0.100788
       0.140501        1.13652     -0.0709163       0.100788
       0.140501        1.13652     -0.0709163       0.100788
      -0.591905       0.319812       -1.14677      0.0700109
      -0.157466      -0.463367       -1.26073      0.0668852
       0.220428      -0.272888        -1.0469       0.109897
       0.220428      -0.272888        -1.0469       0.109897
       0.220428      -0.272888        -1.0469       0.109897
        1.04136       0.808375      -0.787018      0.0463888
        1.92839       0.311993      -0.144701      0.0198879
        1.92839       0.311993      -0.144701      0.0198879
        1.92839       0.311993      -0.144701      0.0198879
        1.92839       0.311993      -0.144701      0.0198879
        1.92839       0.311993      -0.144701      0.0198879
        1.92839       0.311993      -0.144701      0.0198879
        1.92839       0.311993      -0.144701      0.0198879
       0.554056      -0.183072        1.42598      0.0458901
       0.878881      -0.711683       0.653118       0.073396
       0.878881      -0.711683       0.653118       0.073396
       0.952861      -0.446224        1.34793      0.0327145
      -0.380687        0.54043        1.79415      0.0218378
      -0.537985       0.751892        1.62702      0.0236901
       -0.49261       0.897739        2.07502     0.00977545
       -0.49261       0.897739        2.07502     0.00977545
      -0.885616       0.817751        1.51408      0.0208451
      -0.885616       0.817751        1.51408      0.0208451
      -0.885616       0.817751        1.51408      0.0208451
     -0.0851302       0.435167        1.37163      0.0559636
     -0.0851302       0.435167        1.37163      0.0559636
      -0.336771       0.229261       0.781851       0.171486
       0.866494      -0.166612     -0.0206274        0.17115
       0.326831      -0.539755      0.0849073       0.279889
       0.326831      -0.539755      0.0849073       0.279889
       0.326831      -0.539755      0.0849073       0.279889
       0.326831      -0.539755      0.0849073       0.279889
       0.326831      -0.539755      0.0849073       0.279889
      -0.041672     -0.0959735        0.23804       0.594496
      -0.041672     -0.0959735        0.23804       0.594496
      -0.041672     -0.0959735        0.23804       0.594496
      -0.041672     -0.0959735        0.23804       0.594496
      -0.041672     -0.0959735        0.23804       0.594496
      -0.041672     -0.0959735        0.23804       0.594496
      -0.041672     -0.0959735        0.23804       0.594496
      -0.041672     -0.0959735        0.23804       0.594496
      -0.041672     -0.0959735        0.23804       0.594496
       0.170791        0.17558       0.511303       0.321778
       0.170791        0.17558       0.511303       0.321778
       0.170791        0.17558       0.511303       0.321778
      -0.092959      -0.514343      -0.215214       0.322872
       0.272467      0.0214968      -0.278763       0.458043
        0.31194      -0.432285     0.00707182       0.344294
      -0.825418      -0.144684       0.333168       0.164704
      -0.825418      -0.144684       0.333168       0.164704
       -1.15973      -0.639825       0.273479      0.0668756
       -1.19987      -0.293729       0.113609       0.083658
       -1.19987      -0.293729       0.113609       0.083658
       -1.19987      -0.293729       0.113609       0.083658
     -0.0212984      -0.665951       -1.54034      0.0348558
     -0.0212984      -0.665951       -1.54034      0.0348558
     -0.0212984      -0.665951       -1.54034      0.0348558
      0.0215549       -1.25668       -1.54234      0.0187003
      0.0215549       -1.25668       -1.54234      0.0187003
      -0.404971      -0.874082       -1.82869      0.0160216
      -0.404971      -0.874082       -1.82869      0.0160216
      -0.404971      -0.874082       -1.82869      0.0160216
      -0.790959       -1.08254      -0.598329      0.0530601
      -0.790959       -1.08254      -0.598329      0.0530601
       -1.24405        -1.0877       -2.10451     0.00474089
       -1.24405        -1.0877       -2.10451     0.00474089
       -1.24405        -1.0877       -2.10451     0.00474089
       -1.24405        -1.0877       -2.10451     0.00474089
      -0.674853       -1.27467       -2.12079     0.00591949
       -0.53261       -1.59092       -1.53962      0.0105231
       -0.53261       -1.59092       -1.53962      0.0105231
       -1.54718       -1.81189       -1.01251     0.00564154
       -1.54718       -1.81189       -1.01251     0.00564154
      -0.616018       -1.41267      -0.825447      0.0303016
       -1.01899      -0.546119       0.624457      0.0722263
      -0.677726      -0.905923       0.165958       0.101574
      -0.677726      -0.905923       0.165958       0.101574
      -0.677726      -0.905923       0.165958       0.101574
       -0.33156      -0.399871      -0.279319        0.30741
       0.667914       0.129603       0.385922       0.209212
       0.667914       0.129603       0.385922       0.209212
       0.667914       0.129603       0.385922       0.209212
       0.667914       0.129603       0.385922       0.209212
       0.823871       0.144875        0.62677        0.12362
       0.823871       0.144875        0.62677        0.12362
       0.412374       0.395589       0.759831       0.149351
       0.412374       0.395589       0.759831       0.149351
       0.412374       0.395589       0.759831       0.149351
       0.412374       0.395589       0.759831       0.149351
      0.0439623       0.264771       0.735512       0.208899
      0.0439623       0.264771       0.735512       0.208899
        1.67186       0.214184       0.192888      0.0336063
        1.67186       0.214184       0.192888      0.0336063
        1.67186       0.214184       0.192888      0.0336063
        1.78172      0.0101908       0.367146      0.0262952
        1.78172      0.0101908       0.367146      0.0262952
        1.94776      -0.171327      -0.139005      0.0198326
       0.752764       -2.07072      -0.702749     0.00980059
       0.752764       -2.07072      -0.702749     0.00980059
       0.752764       -2.07072      -0.702749     0.00980059
       0.472558       -1.55978       -1.35406      0.0144396
       0.917219       -1.02776        -1.6343      0.0139146
       0.917219       -1.02776        -1.6343      0.0139146
       0.917219       -1.02776        -1.6343      0.0139146
      -0.887693       -1.19913       -1.41742      0.0163126
       0.865143       -1.28788       -1.17643      0.0203607
       0.215603       -1.74837      -0.798488      0.0208948
       0.215603       -1.74837      -0.798488      0.0208948
      -0.217391       -1.72353        -2.5253     0.00217607
      0.0154975         -1.655       -2.62628     0.00201211
      0.0154975         -1.655       -2.62628     0.00201211
      -0.965395       -1.92942       -2.32012     0.00177059
      -0.965395       -1.92942       -2.32012     0.00177059
       -1.38161       -2.52896       -1.04336      0.0021774
       -1.11969       -3.51997      -0.857963    0.000508423
       -1.11969       -3.51997      -0.857963    0.000508423
       -1.11969       -3.51997      -0.857963    0.000508423
       -1.11969       -3.51997      -0.857963    0.000508423
       -1.17798        -3.6569      -0.932162    0.000368218
       0.769943       -2.85651       -1.24464     0.00162993
       0.247587       -2.63108       -1.22889      0.0029413
      -0.264576       -2.09965       -1.21328     0.00760645
       -1.90121       -0.13417      -0.594769      0.0184411
       -1.33878        1.63652       0.473502      0.0131219
      -0.951291        1.56469        1.02754      0.0150024
      -0.522378        1.81214       0.686134       0.018066
      -0.522378        1.81214       0.686134       0.018066
      -0.522378        1.81214       0.686134       0.018066
      -0.522378        1.81214       0.686134       0.018066
      -0.522378        1.81214       0.686134       0.018066
      -0.522378        1.81214       0.686134       0.018066
      -0.736131        1.01592        1.12011       0.034607
      -0.687952        1.33027        1.22002      0.0209979
      -0.687952        1.33027        1.22002      0.0209979
      -0.596529      -0.119347       0.472272       0.214317
      -0.596529      -0.119347       0.472272       0.214317
      -0.596529      -0.119347       0.472272       0.214317
      -0.236955       0.588401      -0.222361       0.260713
       -1.42899        1.23004       -1.07013      0.0130889
       -1.42899        1.23004       -1.07013      0.0130889
       0.111692       0.595486        -1.6371      0.0304631
       0.111692       0.595486        -1.6371      0.0304631
       0.539664      -0.889953       -1.50699      0.0256571
       0.539664      -0.889953       -1.50699      0.0256571
        2.10477      -0.839912       -1.01697     0.00695845
        2.10477      -0.839912       -1.01697     0.00695845
        2.27421      -0.341981      -0.219695     0.00984783
        1.77658      -0.484248      -0.600098      0.0207869
        1.38703      -0.918207      -0.736494      0.0262958
        1.65293       -1.78179      -0.588471     0.00672915
        1.65293       -1.78179      -0.588471     0.00672915
        1.65293       -1.78179      -0.588471     0.00672915
          1.007      -0.706375       -1.57193      0.0184631
       0.291844       -1.18387        -1.9147      0.0106739
       -1.16322        -1.1383        -1.3271      0.0149955
     -0.0995473       -1.05519      -0.799377      0.0702945
     -0.0995473       -1.05519      -0.799377      0.0702945
       0.433294      -0.115838       0.251167       0.357687
       0.433294      -0.115838       0.251167       0.357687
       0.433294      -0.115838       0.251167       0.357687
       0.433294      -0.115838       0.251167       0.357687
      0.0476655       0.717096       -0.75301         0.1247
       0.426644       0.559397       -0.98919      0.0882384
       0.414225       0.184077        -1.2543      0.0694333
       0.414225       0.184077        -1.2543      0.0694333
       0.414225       0.184077        -1.2543      0.0694333
       0.821604       0.961463      -0.495015      0.0661232
       0.821604       0.961463      -0.495015      0.0661232
       0.821604       0.961463      -0.495015      0.0661232
      -0.763001        1.48554      -0.509994      0.0304299
       -1.43769       0.893276       -0.62106      0.0271634
       -2.80997         1.1011       -1.24072     0.00146458
       -3.01856     -0.0662631       0.721658     0.00201192
       -3.01856     -0.0662631       0.721658     0.00201192
       -3.01856     -0.0662631       0.721658     0.00201192
       -2.33176      -0.106002       0.578174     0.00815259
       -2.33176      -0.106002       0.578174     0.00815259
       -2.33176      -0.106002       0.578174     0.00815259
       -1.99497       0.552837      0.0871119      0.0158599
       -1.81075      -0.459593      -0.975517      0.0147714
       -1.81075      -0.459593      -0.975517      0.0147714
       -1.51251      -0.297017       -2.42736     0.00318019
       -1.82901       -1.23819      -0.268787      0.0116785
       -1.82901       -1.23819      -0.268787      0.0116785
      -0.155169      -0.455631       -1.05712      0.0979715
       -1.21824       0.362147       -1.92012      0.0099991
       -1.21824       0.362147       -1.92012      0.0099991
       -1.23948        1.06913       -1.31822      0.0149451
       -1.23948        1.06913       -1.31822      0.0149451
       -2.53561       0.226918      -0.924792      0.0044403
       -2.08855       0.392362       -1.21191     0.00750084
       -2.22694      -0.622651       -1.29198     0.00500352
       -2.33352      0.0280364      -0.806081     0.00716913
       -1.30261      -0.990201       -0.71189      0.0281896
       -1.30261      -0.990201       -0.71189      0.0281896
      -0.402043       0.505061     -0.0543886       0.273717
      -0.402043       0.505061     -0.0543886       0.273717
      -0.402043       0.505061     -0.0543886       0.273717
      -0.642328      -0.902034     -0.0425755       0.109005
       0.210359      -0.454451        1.06019      0.0958447
       0.210359      -0.454451        1.06019      0.0958447
       0.377132     -0.0824861        1.30349      0.0659465
       0.775316     -0.0857336      0.0630085       0.209054
       0.775316     -0.0857336      0.0630085       0.209054
       0.775316     -0.0857336      0.0630085       0.209054
       0.790637       0.427489      0.0694495       0.164808
       0.790637       0.427489      0.0694495       0.164808
       0.679702       0.200973      -0.258253       0.221187
       0.679702       0.200973      -0.258253       0.221187
        0.92271       -0.01696       0.269847       0.146165
        0.92271       -0.01696       0.269847       0.146165
        0.92271       -0.01696       0.269847       0.146165
        0.92271       -0.01696       0.269847       0.146165
        0.92271       -0.01696       0.269847       0.146165
        0.92271       -0.01696       0.269847       0.146165
         0.5267     -0.0523405      -0.552045       0.216626
      -0.463315      -0.362279      -0.518882       0.208332
       -1.49185       0.289564      -0.965357      0.0273028
      -0.915808       0.491974      -0.541409        0.09592
      -0.915808       0.491974      -0.541409        0.09592
       -0.17262        1.53772        -1.0757      0.0230731
       -0.17262        1.53772        -1.0757      0.0230731
      -0.846501        1.52772       -1.62387     0.00848312
       0.112826       0.280301     0.00772282       0.546342
       0.112826       0.280301     0.00772282       0.546342
       0.112826       0.280301     0.00772282       0.546342
       0.112826       0.280301     0.00772282       0.546342
       0.112826       0.280301     0.00772282       0.546342
       0.112826       0.280301     0.00772282       0.546342
       0.112826       0.280301     0.00772282       0.546342
       0.112826       0.280301     0.00772282       0.546342
       0.309637       0.794457       0.628005       0.120278
       0.309637       0.794457       0.628005       0.120278
      -0.898971       0.177726       0.138041       0.156701
      -0.898971       0.177726       0.138041       0.156701
       -1.72307        1.34936       0.865725     0.00903084
       -2.07469       0.500215       0.437561      0.0128159
       -2.16718      -0.551953       0.285887      0.0110081
       -2.42918      -0.509708        0.62123     0.00599228
       -2.05114      -0.283844        1.41335     0.00664356
       -2.05114      -0.283844        1.41335     0.00664356
       -2.26714       -1.25598       0.865369     0.00423274
       -2.26714       -1.25598       0.865369     0.00423274
       -1.95597      -0.939848       0.677029      0.0106049
       -1.95597      -0.939848       0.677029      0.0106049
       -1.82659       -1.25122       0.577667      0.0102926
      -0.993385       -1.46006        1.19141      0.0141147
      -0.993385       -1.46006        1.19141      0.0141147
       -1.38727       -1.92368       0.552363     0.00767033
       0.039162      -0.308113       0.565261       0.275287
    0.000749352       0.322411       0.621787       0.246397
    0.000749352       0.322411       0.621787       0.246397
       0.418152      0.0809006       0.649821       0.211419
        1.07025      -0.700713        0.51326      0.0635002
        1.07025      -0.700713        0.51326      0.0635002
       0.758843      -0.783719        0.35596       0.100761
      0.0498077       0.415226       0.520533       0.263043
       0.987673       0.783116        0.53941       0.064437
       0.987673       0.783116        0.53941       0.064437
         1.0064        0.83192        0.70281      0.0515232
       0.774191        1.63561        1.04369      0.0153295
       0.774191        1.63561        1.04369      0.0153295
      -0.404137       0.816391        1.82873      0.0168045
      -0.775465        2.35628        1.22195     0.00396406
      -0.775465        2.35628        1.22195     0.00396406
      -0.661196        2.12046        1.14777     0.00673542
      -0.661196        2.12046        1.14777     0.00673542
      -0.643458       0.732337       0.457081       0.116089
      -0.643458       0.732337       0.457081       0.116089
      -0.643458       0.732337       0.457081       0.116089
      -0.643458       0.732337       0.457081       0.116089
      -0.927398       0.902077       0.939311      0.0408613
      -0.927398       0.902077       0.939311      0.0408613
      -0.927398       0.902077       0.939311      0.0408613
      -0.978711       0.402022       0.847087      0.0664863
      -0.978711       0.402022       0.847087      0.0664863
       0.145029       0.261974        1.14496      0.0937673
       0.145029       0.261974        1.14496      0.0937673
      -0.794918        0.37926       0.536225       0.127161
      -0.794918        0.37926       0.536225       0.127161
      -0.794918        0.37926       0.536225       0.127161
      0.0625624       0.357547       0.220089        0.42785
      0.0625624       0.357547       0.220089        0.42785
       0.272211       0.330266      0.0279462       0.424093
       0.272211       0.330266      0.0279462       0.424093
       -0.11955       0.174007        0.26573       0.507239
       -0.11955       0.174007        0.26573       0.507239
       0.220394       0.543935       0.686221       0.164323
       0.403305      -0.195328        0.38824       0.305498
     -0.0450336       0.225746        1.18676      0.0891207
      -0.166689      -0.710547        0.91197      0.0967032
      -0.166689      -0.710547        0.91197      0.0967032
      -0.166689      -0.710547        0.91197      0.0967032
      -0.166689      -0.710547        0.91197      0.0967032
      -0.166689      -0.710547        0.91197      0.0967032
      -0.166689      -0.710547        0.91197      0.0967032
       0.456782       -0.56594       0.726562       0.127959
        1.07193      -0.373031        0.51515      0.0826743
        1.07193      -0.373031        0.51515      0.0826743
        1.07193      -0.373031        0.51515      0.0826743
       -0.25797      -0.058937        1.31782      0.0680001
      -0.918597      -0.372117        1.02825      0.0574824
      -0.918597      -0.372117        1.02825      0.0574824
      -0.918597      -0.372117        1.02825      0.0574824
      -0.867109      -0.160019       0.854902      0.0857523
      -0.867109      -0.160019       0.854902      0.0857523
      -0.867109      -0.160019       0.854902      0.0857523
       -1.62867      0.0602471        1.00875      0.0216355
      0.0491447       0.855563       0.188977       0.172886
      0.0491447       0.855563       0.188977       0.172886
      0.0491447       0.855563       0.188977       0.172886
      0.0491447       0.855563       0.188977       0.172886
       0.428994       0.589691      -0.356979       0.197142
       0.540661      0.0512789      -0.591537       0.200676
       0.540661      0.0512789      -0.591537       0.200676
        1.53504      -0.576773      -0.391227      0.0343315
        1.35475      -0.136677      -0.726953      0.0456359
      0.0427107       0.258461       -1.57617      0.0409427
      0.0427107       0.258461       -1.57617      0.0409427
      0.0427107       0.258461       -1.57617      0.0409427
        1.43404        0.54773       -2.24887     0.00431484
        1.57673       0.538378        -3.8748    0.000216995
        1.32846       0.219347       -4.39533    0.000101661
     -0.0664697        1.57386       -4.23009     0.00012003
     -0.0664697        1.57386       -4.23009     0.00012003
     -0.0664697        1.57386       -4.23009     0.00012003
      -0.310769        2.55859       -4.30525    4.38139e-05
       0.273244        2.71316       -4.01388    6.09733e-05
       0.273244        2.71316       -4.01388    6.09733e-05
         1.4897        2.21685       -4.24648    4.39176e-05
        2.65714        1.05176        -4.4665    2.47932e-05
        3.53287        1.93974       -4.21656    8.58173e-06
        3.52068         1.3776       -4.33102    1.01509e-05
        3.52068         1.3776       -4.33102    1.01509e-05
        3.12257       0.675183       -3.00544    0.000154943
        2.07676        1.85848       -3.60838    0.000109606
        2.00744        2.13513       -2.23691    0.000627628
        2.00744        2.13513       -2.23691    0.000627628
       0.681743        2.81736       -2.02454    0.000849073
       0.681743        2.81736       -2.02454    0.000849073
       0.681743        2.81736       -2.02454    0.000849073
       0.681743        2.81736       -2.02454    0.000849073
       0.681743        2.81736       -2.02454    0.000849073
         1.2801        2.02018      -0.523848     0.00747193
        1.82525        2.91003        -1.6855     0.00047479
        1.82525        2.91003        -1.6855     0.00047479
        1.82525        2.91003        -1.6855     0.00047479
        1.82525        2.91003        -1.6855     0.00047479
        1.82525        2.91003        -1.6855     0.00047479
        1.82525        2.91003        -1.6855     0.00047479
        1.41407        2.14279       -2.06075     0.00138206
        1.41407        2.14279       -2.06075     0.00138206
        2.26893        3.37775       -1.63026    0.000155793
        2.26893        3.37775       -1.63026    0.000155793
        1.90933        3.10653       -2.26667    0.000186528
        1.59219        3.49934       -2.28804     0.00013003
        1.59219        3.49934       -2.28804     0.00013003
        1.59219        3.49934       -2.28804     0.00013003
        2.85039         2.6862       -1.94761    0.000158716
        1.97438        3.37757      -0.486755    0.000376367
        1.52132        3.48321      -0.292195    0.000488429
       0.883121        2.39467        -1.1414     0.00372817
       0.883121        2.39467        -1.1414     0.00372817
       0.883121        2.39467        -1.1414     0.00372817
        1.34042        1.55978       0.740611      0.0126287
        1.34042        1.55978       0.740611      0.0126287
        1.34042        1.55978       0.740611      0.0126287
       0.898014        1.80047       0.162827      0.0176476
       0.898014        1.80047       0.162827      0.0176476
      -0.380858       0.967535     -0.0887688       0.124039
      -0.380858       0.967535     -0.0887688       0.124039
      -0.380858       0.967535     -0.0887688       0.124039
      -0.380858       0.967535     -0.0887688       0.124039
        1.05324      -0.146676       0.614012       0.085788
        1.05324      -0.146676       0.614012       0.085788
       0.620275      -0.102016       0.494392       0.202005
       0.620275      -0.102016       0.494392       0.202005
       0.470423      -0.272814       0.388453       0.262739
       0.470423      -0.272814       0.388453       0.262739
       0.134046       0.420777      -0.371953       0.315132
       0.134046       0.420777      -0.371953       0.315132
       0.134046       0.420777      -0.371953       0.315132
       0.134046       0.420777      -0.371953       0.315132
       0.134046       0.420777      -0.371953       0.315132
      -0.324627       0.396794      -0.840096       0.139689
      -0.324627       0.396794      -0.840096       0.139689
      -0.324627       0.396794      -0.840096       0.139689
      -0.324627       0.396794      -0.840096       0.139689
       -1.04599      -0.952859      -0.421614      0.0521923
       -1.04599      -0.952859      -0.421614      0.0521923
       -1.04599      -0.952859      -0.421614      0.0521923
       -1.67582       -1.39575       -2.19019     0.00206687
       -1.67582       -1.39575       -2.19019     0.00206687
         -1.299      -0.408461       -2.20166     0.00564231
        0.53406       -1.98644       -2.45158     0.00166084
      -0.661261       -1.35162       -2.11282     0.00558463
      0.0821238       0.201912       -1.61607      0.0383343
      -0.406649        1.49225      -0.666106       0.034458
      -0.747415        1.60784       -1.18159      0.0141023
      -0.747415        1.60784       -1.18159      0.0141023
      -0.747415        1.60784       -1.18159      0.0141023
      -0.995816        1.12699       -1.73169      0.0101817
      -0.995816        1.12699       -1.73169      0.0101817
      -0.995816        1.12699       -1.73169      0.0101817
      -0.995816        1.12699       -1.73169      0.0101817
       -2.02207       0.983054       -1.78642     0.00320409
        -2.4312       -0.33495       -2.42793     0.00100334
        -1.4674       0.110293       -2.48608     0.00309524
        -1.4674       0.110293       -2.48608     0.00309524
        -1.4674       0.110293       -2.48608     0.00309524
      -0.669386          1.434       -3.31798    0.000641228
        1.59454      -0.452459       -2.94615     0.00115831
        1.99308      -0.262519       -2.10904     0.00294601
        1.85455       -0.30183       -2.23668     0.00290211
       0.972478      -0.819618      -0.547894      0.0626869
        0.14645       0.863691     -0.0591985       0.172728
        0.14645       0.863691     -0.0591985       0.172728
        0.14645       0.863691     -0.0591985       0.172728
        0.14645       0.863691     -0.0591985       0.172728
        0.14645       0.863691     -0.0591985       0.172728
        0.14645       0.863691     -0.0591985       0.172728
        0.14645       0.863691     -0.0591985       0.172728
        0.14645       0.863691     -0.0591985       0.172728
        0.14645       0.863691     -0.0591985       0.172728
      -0.562302      0.0187207       0.884281       0.122926
      -0.562302      0.0187207       0.884281       0.122926
      -0.166041       0.280114      -0.116357       0.500782
      -0.658555        0.27242      -0.698683       0.135869
      -0.658555        0.27242      -0.698683       0.135869
       0.506801      -0.389329       -1.49214      0.0389112
