        1.19734        0.36835       0.180217      0.0795605
        1.19734        0.36835       0.180217      0.0795605
        1.19734        0.36835       0.180217      0.0795605
        1.20589       0.571682       0.215651       0.066957
        1.15958      -0.010701      -0.572102      0.0753092
        2.07069        0.41799       -1.91193     0.00335136
        1.24076       0.679716       -0.92918      0.0338713
        1.24076       0.679716       -0.92918      0.0338713
        1.55798        2.93656      -0.194599     0.00128128
        1.55798        2.93656      -0.194599     0.00128128
       0.966647        2.28949      -0.175487     0.00685514
        1.08104        2.23229        0.18427     0.00691389
        1.10928        2.22062       0.528896     0.00624494
        1.10928        2.22062       0.528896     0.00624494
        1.21856        1.35193      0.0598464      0.0261978
        1.21856        1.35193      0.0598464      0.0261978
        1.21856        1.35193      0.0598464      0.0261978
      -0.287813        1.05941      -0.254958       0.104972
      -0.287813        1.05941      -0.254958       0.104972
      -0.287813        1.05941      -0.254958       0.104972
      -0.506391      -0.318953        1.36938      0.0503433
      -0.545865       -1.08424       0.463396      0.0743723
      -0.574223      -0.893829       0.370194       0.105392
      -0.574223      -0.893829       0.370194       0.105392
      -0.574223      -0.893829       0.370194       0.105392
      -0.574223      -0.893829       0.370194       0.105392
      -0.625404       0.259808      0.0342896       0.257643
      -0.625404       0.259808      0.0342896       0.257643
       0.225378       0.877902     0.00410524       0.163203
       0.697598      -0.566735      -0.438093       0.135368
    -0.00997295      0.0351768       0.069492       0.854663
    -0.00997295      0.0351768       0.069492       0.854663
      -0.903285        1.06348       0.923049       0.035225
       -1.45565        1.33916        1.15726      0.0102217
      -0.882579       0.673572        1.65164      0.0186812
      -0.882579       0.673572        1.65164      0.0186812
      -0.882579       0.673572        1.65164      0.0186812
      -0.882579       0.673572        1.65164      0.0186812
       -1.09895     -0.0550143       0.303932       0.101971
      -0.726672      -0.455904       0.166599       0.174166
      -0.726672      -0.455904       0.166599       0.174166
      -0.344621      -0.348909       -0.40904       0.278815
      -0.344621      -0.348909       -0.40904       0.278815
      -0.344621      -0.348909       -0.40904       0.278815
     -0.0170126       0.656197       -1.11982      0.0745669
     -0.0170126       0.656197       -1.11982      0.0745669
      -0.869464        1.04018      -0.781903      0.0437151
      -0.869464        1.04018      -0.781903      0.0437151
      -0.869464        1.04018      -0.781903      0.0437151
      -0.869464        1.04018      -0.781903      0.0437151
      -0.927891        1.54867      0.0821647      0.0269309
      -0.927891        1.54867      0.0821647      0.0269309
      -0.852508      -0.221328         1.0197      0.0675527
       -1.09595       0.271835       0.803796      0.0625323
       0.861067      -0.470926       0.544933       0.105913
       0.861067      -0.470926       0.544933       0.105913
       0.861067      -0.470926       0.544933       0.105913
       0.861067      -0.470926       0.544933       0.105913
      0.0327211       -0.32694       0.706684       0.210416
      0.0327211       -0.32694       0.706684       0.210416
      0.0327211       -0.32694       0.706684       0.210416
        1.05957      -0.617501       0.302488      0.0799571
        1.05957      -0.617501       0.302488      0.0799571
        2.01618      -0.728521         0.5513      0.0119498
        1.58702     -0.0639656       0.311783      0.0392725
        1.58702     -0.0639656       0.311783      0.0392725
       0.488751       0.490718       -1.06838      0.0783587
       0.488751       0.490718       -1.06838      0.0783587
       0.488751       0.490718       -1.06838      0.0783587
       0.195268       0.838625      -0.349428       0.155904
       0.850933      -0.944137      -0.984452      0.0401411
       0.751084       -1.84132       -2.11249     0.00302005
       0.751084       -1.84132       -2.11249     0.00302005
       0.751084       -1.84132       -2.11249     0.00302005
         0.9056       -2.05395       -1.93194     0.00267651
         0.9056       -2.05395       -1.93194     0.00267651
        1.44336       -1.41988       -1.71037     0.00498738
        1.44336       -1.41988       -1.71037     0.00498738
         1.7446       -1.34649       -2.35698     0.00157494
        2.15643        -1.1402       -1.96178     0.00191004
        1.14183      -0.803743       -1.85369     0.00964292
         1.6408       0.112342       -1.03406       0.020539
       0.368724       0.318471      0.0281199       0.376794
       0.368724       0.318471      0.0281199       0.376794
       0.368724       0.318471      0.0281199       0.376794
       0.368724       0.318471      0.0281199       0.376794
       0.368724       0.318471      0.0281199       0.376794
     0.00114167       0.435601      -0.572983        0.23704
      -0.159261       -0.51776      -0.181625       0.318964
      -0.303466      -0.967602       0.392497       0.113635
      -0.303466      -0.967602       0.392497       0.113635
      -0.392284       -1.06849       0.257418      0.0969133
       -1.53024     -0.0697401      0.0329319      0.0466833
      -0.848979       0.558076       0.135713       0.128734
      -0.848979       0.558076       0.135713       0.128734
      -0.050351       0.948555       0.455123       0.121652
      -0.050351       0.948555       0.455123       0.121652
      -0.050351       0.948555       0.455123       0.121652
      -0.050351       0.948555       0.455123       0.121652
      -0.050351       0.948555       0.455123       0.121652
      -0.050351       0.948555       0.455123       0.121652
      -0.050351       0.948555       0.455123       0.121652
       0.230228       0.313985       0.415939       0.319989
       0.230228       0.313985       0.415939       0.319989
       0.230228       0.313985       0.415939       0.319989
       0.230228       0.313985       0.415939       0.319989
      -0.115127       0.350096       0.666093       0.218166
      -0.115127       0.350096       0.666093       0.218166
       0.964119     -0.0379196      0.0562227       0.144713
       0.964119     -0.0379196      0.0562227       0.144713
       0.438042       0.534949       0.917826       0.100437
       0.438042       0.534949       0.917826       0.100437
       0.374277       0.405281      -0.225692       0.303585
       0.374277       0.405281      -0.225692       0.303585
       0.158895       0.220641       0.593677       0.270913
       0.158895       0.220641       0.593677       0.270913
       0.669768       0.440769       0.152324       0.195487
        0.15577       0.174477      -0.129252       0.585984
        0.15577       0.174477      -0.129252       0.585984
        0.15577       0.174477      -0.129252       0.585984
        0.15577       0.174477      -0.129252       0.585984
        0.15577       0.174477      -0.129252       0.585984
        0.15577       0.174477      -0.129252       0.585984
        0.15577       0.174477      -0.129252       0.585984
       0.476157      -0.228223       0.643995       0.189081
       0.574819       0.658312       0.104855       0.171969
       0.574819       0.658312       0.104855       0.171969
       0.375553      -0.187043       0.798438       0.164653
      -0.226214       -0.23194       0.939204       0.137102
      -0.226214       -0.23194       0.939204       0.137102
      -0.226214       -0.23194       0.939204       0.137102
       -0.83828      -0.501668       0.551226       0.106095
        1.00572     -0.0312883       0.932179      0.0643584
        1.72215       0.162504       0.827409      0.0216014
        1.72215       0.162504       0.827409      0.0216014
        1.72215       0.162504       0.827409      0.0216014
        1.72215       0.162504       0.827409      0.0216014
       -0.28092       0.423371        1.14903      0.0810486
       -0.28092       0.423371        1.14903      0.0810486
       -0.28092       0.423371        1.14903      0.0810486
       -0.28092       0.423371        1.14903      0.0810486
       0.364439       0.106618        1.83687      0.0234845
       0.364439       0.106618        1.83687      0.0234845
       0.364439       0.106618        1.83687      0.0234845
       0.364439       0.106618        1.83687      0.0234845
      -0.469656      -0.215937        1.17389      0.0768947
      -0.469656      -0.215937        1.17389      0.0768947
      -0.470181       0.657947       0.767566       0.107538
      -0.470181       0.657947       0.767566       0.107538
      -0.470181       0.657947       0.767566       0.107538
      -0.985442       0.714988       0.195481      0.0849083
      -0.984665        1.17581      -0.237794       0.044871
      -0.984665        1.17581      -0.237794       0.044871
      -0.984665        1.17581      -0.237794       0.044871
       0.223565        1.68593       0.797658      0.0233556
       0.223565        1.68593       0.797658      0.0233556
       0.223565        1.68593       0.797658      0.0233556
       0.223565        1.68593       0.797658      0.0233556
       0.223565        1.68593       0.797658      0.0233556
      -0.320061         1.0754        1.23746      0.0354088
      -0.320061         1.0754        1.23746      0.0354088
      -0.320061         1.0754        1.23746      0.0354088
      -0.320061         1.0754        1.23746      0.0354088
      -0.754709        1.35666     -0.0645348       0.044709
      -0.754709        1.35666     -0.0645348       0.044709
      0.0289061        1.56349       0.113769      0.0434658
      0.0289061        1.56349       0.113769      0.0434658
      0.0280149       0.696523       0.825243       0.115266
       0.334545     0.00951309     -0.0574204       0.507053
       0.334545     0.00951309     -0.0574204       0.507053
        -1.4018        0.30635       0.813936      0.0369081
       -2.23059      0.0668153       0.495402      0.0103389
       -2.23059      0.0668153       0.495402      0.0103389
       0.114539      0.0058722       -1.54833      0.0448185
       0.251329        2.01407      -0.450603      0.0156355
      -0.300771        2.06065       0.367526       0.014562
       0.106665        2.72024       0.648905     0.00370821
       0.106665        2.72024       0.648905     0.00370821
       0.625932        3.44473       0.160347    0.000903151
       0.625932        3.44473       0.160347    0.000903151
      -0.359688         2.2608       0.287067     0.00990878
        1.06626       0.878448        2.44098     0.00366243
        2.60184      -0.348945        1.92476     0.00148803
        3.88803       0.208169        2.82559    6.62785e-05
        4.40001      -0.764548        2.06724    5.31508e-05
        5.10636        -1.7231        2.06847    9.68294e-06
        4.29873      -0.330417        1.85195    8.40033e-05
        4.29873      -0.330417        1.85195    8.40033e-05
        4.29873      -0.330417        1.85195    8.40033e-05
        5.56452      -0.857265        1.55659    8.43804e-06
        5.84934       -1.57238        1.32177    4.12245e-06
        5.84934       -1.57238        1.32177    4.12245e-06
        5.34969       -2.85447        1.41715    3.90208e-06
        4.93718        -3.6658      0.0292459    4.55754e-06
        4.01441       -3.73365       0.665445    1.59655e-05
        4.01441       -3.73365       0.665445    1.59655e-05
        3.30137       -3.54032        0.50931    5.91785e-05
        3.30137       -3.54032        0.50931    5.91785e-05
        3.30137       -3.54032        0.50931    5.91785e-05
        3.30137       -3.54032        0.50931    5.91785e-05
        3.30137       -3.54032        0.50931    5.91785e-05
        3.35595         -2.711       0.995499     0.00014266
        3.03054       -2.81002        2.35159    7.41018e-05
        3.03054       -2.81002        2.35159    7.41018e-05
        3.03054       -2.81002        2.35159    7.41018e-05
        2.60497       -3.14051        2.22593    9.17996e-05
        3.18589       -3.49704       0.965915    6.40056e-05
        2.37385       -2.00594        1.34738     0.00114223
         1.2986       -1.89866        1.39377     0.00461168
        1.93307      -0.612454        2.62638     0.00131202
        2.15338      -0.719428        2.56708     0.00105517
        1.98419      -0.131455        2.78924     0.00105837
        2.51752      -0.898101        1.99206     0.00127198
        2.48178      -0.395787        1.32154     0.00341745
        1.40465      -0.258461        1.33189      0.0201255
        1.40465      -0.258461        1.33189      0.0201255
        1.39789       0.310158       0.514892      0.0476773
        1.61449       0.532219      -0.135919       0.033016
        1.01707        1.33742        1.27748      0.0146779
      -0.564847       0.659136         1.4767       0.032521
      -0.564847       0.659136         1.4767       0.032521
       0.440597      -0.516096        1.19103      0.0644697
      -0.136188      -0.780317        1.08642      0.0679453
       0.576165      -0.223957       0.727771       0.148119
       0.576165      -0.223957       0.727771       0.148119
       0.576165      -0.223957       0.727771       0.148119
       0.122446        -1.2807       0.212029      0.0736972
       0.122446        -1.2807       0.212029      0.0736972
       0.342847       0.105239       -1.14415      0.0908926
       0.342847       0.105239       -1.14415      0.0908926
       0.342847       0.105239       -1.14415      0.0908926
       0.342847       0.105239       -1.14415      0.0908926
      -0.327042      0.0816154      -0.874593       0.153416
      -0.327042      0.0816154      -0.874593       0.153416
      -0.236996        1.05942       0.277561       0.106346
      -0.236996        1.05942       0.277561       0.106346
       0.468732        1.99141       0.576329      0.0142511
       0.739924        1.39378       0.970771      0.0245902
      -0.219468        2.11753      -0.161622      0.0139817
      -0.219468        2.11753      -0.161622      0.0139817
      -0.219468        2.11753      -0.161622      0.0139817
       0.487211        2.18496       0.232089      0.0110953
      -0.569933        2.06609      -0.988416     0.00891172
      -0.569933        2.06609      -0.988416     0.00891172
       -1.35746       0.760488       -1.05218      0.0233614
       -1.11492       0.677762      -0.399946      0.0652599
       -1.11492       0.677762      -0.399946      0.0652599
       -1.11492       0.677762      -0.399946      0.0652599
      -0.896835        1.21285       0.369691      0.0447748
       0.457253          1.326       -0.33255      0.0559658
       0.100287        1.15816      -0.427122      0.0839994
       0.100287        1.15816      -0.427122      0.0839994
       0.100287        1.15816      -0.427122      0.0839994
      -0.154007        0.53868       0.476971        0.22956
      -0.154007        0.53868       0.476971        0.22956
     -0.0959486        0.10381       0.242204       0.570709
     -0.0457403      -0.507736      -0.333473       0.295718
     -0.0457403      -0.507736      -0.333473       0.295718
     -0.0457403      -0.507736      -0.333473       0.295718
     -0.0457403      -0.507736      -0.333473       0.295718
     -0.0457403      -0.507736      -0.333473       0.295718
     -0.0457403      -0.507736      -0.333473       0.295718
      0.0121033      -0.271634       0.919216       0.147022
       0.996598      -0.380521       0.123048       0.116753
      0.0975862      -0.292846    -0.00839261       0.539246
      -0.756587      -0.409927       0.412084       0.148352
      -0.756587      -0.409927       0.412084       0.148352
       -1.26722      -0.682425       0.822873       0.036304
      -0.793879      -0.667648       0.432217       0.105663
      -0.407423        0.79012        1.45292      0.0331531
      -0.396875        -1.0809        0.33932      0.0906435
       -0.17344      -0.864049        0.67944       0.108005
      -0.109002       -1.05993      -0.216246       0.113668
       0.680239       -1.17144       0.369621      0.0603079
       0.680239       -1.17144       0.369621      0.0603079
       0.680239       -1.17144       0.369621      0.0603079
       0.680239       -1.17144       0.369621      0.0603079
       0.680239       -1.17144       0.369621      0.0603079
       0.680239       -1.17144       0.369621      0.0603079
      0.0752553      -0.783712       0.966188      0.0826864
      0.0752553      -0.783712       0.966188      0.0826864
      0.0752553      -0.783712       0.966188      0.0826864
      0.0752553      -0.783712       0.966188      0.0826864
      0.0752553      -0.783712       0.966188      0.0826864
       0.861928      -0.721635       0.544232      0.0822583
       0.861928      -0.721635       0.544232      0.0822583
        0.83932      0.0795655       0.559166       0.132216
       0.259938      -0.383941       0.653675       0.201325
       0.259938      -0.383941       0.653675       0.201325
        1.36065       0.163006      -0.809629      0.0414466
       0.868417     -0.0306298       -1.64134      0.0243716
       -0.11954       0.225373       -1.44743      0.0528927
       0.739843       0.342524      -0.447475       0.155669
       0.739843       0.342524      -0.447475       0.155669
       0.739843       0.342524      -0.447475       0.155669
        1.11915       0.662478        0.24121      0.0709756
        1.11915       0.662478        0.24121      0.0709756
       0.994605        -0.1568      -0.629794      0.0929903
       0.923678       0.301006     0.00426232       0.143275
        1.00718      -0.888339       0.384472       0.061186
       0.425337       -1.37474      -0.198037       0.054738
        1.27759       -1.11015       -0.38258      0.0311023
        1.29141      -0.691503       0.482468      0.0457484
        1.29141      -0.691503       0.482468      0.0457484
        1.74339        -1.1082      0.0601975      0.0160289
        1.74339        -1.1082      0.0601975      0.0160289
        1.62306      -0.399324      -0.130451      0.0349764
        2.10813      -0.661629      -0.154902      0.0119158
        1.09011       0.147613      -0.593142       0.082121
        1.09011       0.147613      -0.593142       0.082121
       0.746218       0.643519      -0.945024      0.0651809
       0.746218       0.643519      -0.945024      0.0651809
       0.746218       0.643519      -0.945024      0.0651809
       0.073075       0.678595      -0.131599       0.249031
       0.073075       0.678595      -0.131599       0.249031
       0.073075       0.678595      -0.131599       0.249031
       0.073075       0.678595      -0.131599       0.249031
       0.073075       0.678595      -0.131599       0.249031
       0.073075       0.678595      -0.131599       0.249031
       0.073075       0.678595      -0.131599       0.249031
       0.073075       0.678595      -0.131599       0.249031
       0.073075       0.678595      -0.131599       0.249031
       0.073075       0.678595      -0.131599       0.249031
       0.073075       0.678595      -0.131599       0.249031
       0.073075       0.678595      -0.131599       0.249031
       0.341205      -0.211307     -0.0367236       0.446629
       0.341205      -0.211307     -0.0367236       0.446629
      -0.889083       0.489839      -0.365035       0.115618
      -0.889083       0.489839      -0.365035       0.115618
       -1.40019      -0.110764       0.383869      0.0543584
       -1.40019      -0.110764       0.383869      0.0543584
       0.555489      -0.736316        0.23389       0.149108
       0.555489      -0.736316        0.23389       0.149108
       0.526347       -0.99674      -0.441353      0.0888317
      -0.710828      -0.844113       -1.51238      0.0236502
      -0.710828      -0.844113       -1.51238      0.0236502
      -0.350788       -1.31014       -1.02923      0.0332005
      -0.350788       -1.31014       -1.02923      0.0332005
       -1.52434       -1.38556      -0.350877      0.0153101
       -1.52434       -1.38556      -0.350877      0.0153101
       -1.69278       -1.31469       -1.12294     0.00791205
      -0.767119       -2.18713      -0.643771     0.00813965
      -0.719465        -1.2346      -0.675139      0.0423912
      -0.781745        -1.8345       -1.36529     0.00795913
      -0.781745        -1.8345       -1.36529     0.00795913
      -0.115401       -1.59963      -0.853618      0.0264203
      -0.115401       -1.59963      -0.853618      0.0264203
        0.25968       -0.12582       0.386107       0.381349
        0.25968       -0.12582       0.386107       0.381349
        0.25968       -0.12582       0.386107       0.381349
        0.25968       -0.12582       0.386107       0.381349
        0.25968       -0.12582       0.386107       0.381349
       0.259148       0.604425       0.603897        0.16768
       0.259148       0.604425       0.603897        0.16768
        -1.2217       -0.68707        1.52909      0.0157863
       -1.33891       -1.56759        1.75004     0.00447887
      -0.598596       -1.48581        1.04475      0.0218209
       -0.46903       -1.00369       0.406874      0.0943778
       -1.00982      -0.843731       0.935867       0.039576
       -1.20406      -0.291052      0.0180008      0.0839334
       -1.20406      -0.291052      0.0180008      0.0839334
      -0.697219      -0.366925       0.200412       0.196728
      -0.697219      -0.366925       0.200412       0.196728
     -0.0509335     -0.0887944      -0.379141       0.455922
     -0.0509335     -0.0887944      -0.379141       0.455922
     -0.0509335     -0.0887944      -0.379141       0.455922
     -0.0509335     -0.0887944      -0.379141       0.455922
     -0.0509335     -0.0887944      -0.379141       0.455922
     -0.0509335     -0.0887944      -0.379141       0.455922
     -0.0509335     -0.0887944      -0.379141       0.455922
     -0.0509335     -0.0887944      -0.379141       0.455922
     -0.0509335     -0.0887944      -0.379141       0.455922
     -0.0509335     -0.0887944      -0.379141       0.455922
     -0.0509335     -0.0887944      -0.379141       0.455922
     -0.0509335     -0.0887944      -0.379141       0.455922
      -0.612007      -0.453579      -0.444488       0.171371
      -0.612007      -0.453579      -0.444488       0.171371
     -0.0807934      -0.875472      -0.645287        0.11291
       0.476126       0.865956       0.771946      0.0814334
       0.476126       0.865956       0.771946      0.0814334
       0.476126       0.865956       0.771946      0.0814334
       0.476126       0.865956       0.771946      0.0814334
       0.476126       0.865956       0.771946      0.0814334
       0.476126       0.865956       0.771946      0.0814334
       0.476126       0.865956       0.771946      0.0814334
       0.476126       0.865956       0.771946      0.0814334
       0.476126       0.865956       0.771946      0.0814334
      0.0988604       0.591363        1.04122      0.0904441
      0.0988604       0.591363        1.04122      0.0904441
      0.0910793      -0.590892        1.46696      0.0420781
      -0.636638       -1.55703        3.12087    0.000832817
       -1.90325      -0.497086         2.0796     0.00326303
       -2.52397      -0.553437        2.10938     0.00126689
       -2.94958       -1.28373        1.40983    0.000889876
       -4.19332       -0.32909      -0.349384    0.000215748
       -4.19332       -0.32909      -0.349384    0.000215748
       -2.79238       -1.11439      -0.670042     0.00211101
       -2.79238       -1.11439      -0.670042     0.00211101
       -2.53093       -2.33648      -0.638837    0.000905954
       -1.03005        -2.1966       -1.60992     0.00295761
       -1.94788       -1.30918       0.336766     0.00872131
       -1.94788       -1.30918       0.336766     0.00872131
       -1.94788       -1.30918       0.336766     0.00872131
       -1.53713       -1.17522       0.837555      0.0147453
       -1.53713       -1.17522       0.837555      0.0147453
       -1.95743       -1.31747       0.747197      0.0070836
       -1.95743       -1.31747       0.747197      0.0070836
       -1.95743       -1.31747       0.747197      0.0070836
       -2.02147      -0.741351       0.589023      0.0115108
      -0.998453      -0.135098      -0.662627      0.0896507
      -0.998453      -0.135098      -0.662627      0.0896507
      -0.998453      -0.135098      -0.662627      0.0896507
      -0.998453      -0.135098      -0.662627      0.0896507
      -0.313568       0.634017      -0.486932       0.179524
      -0.313568       0.634017      -0.486932       0.179524
      -0.313568       0.634017      -0.486932       0.179524
      -0.313568       0.634017      -0.486932       0.179524
      -0.313568       0.634017      -0.486932       0.179524
      -0.466226        1.06998       0.683391       0.066871
      -0.466226        1.06998       0.683391       0.066871
      -0.466226        1.06998       0.683391       0.066871
       -1.14475        1.55312      -0.533017      0.0182541
       -1.11348        1.21728      -0.353531        0.03424
      -0.424696        1.52826      -0.826674      0.0279501
      -0.315703        1.63591       -1.30499      0.0145137
      -0.315703        1.63591       -1.30499      0.0145137
      -0.315703        1.63591       -1.30499      0.0145137
       0.630757       0.926378       -1.97786      0.0106028
       0.516715       0.693959       -1.53391      0.0295347
      -0.413121        1.22322       -1.48982      0.0193929
      -0.413121        1.22322       -1.48982      0.0193929
      -0.464407        1.19014       -1.32509      0.0251904
      -0.418075        1.17195      -0.516189      0.0675951
      -0.418075        1.17195      -0.516189      0.0675951
      -0.631754        1.25403      -0.104807      0.0598355
      -0.576377       0.972176      -0.481381       0.085702
      -0.576377       0.972176      -0.481381       0.085702
       -1.04733       0.769255     0.00649397      0.0743486
       -1.04733       0.769255     0.00649397      0.0743486
       -1.04733       0.769255     0.00649397      0.0743486
      -0.278525        1.31155      -0.542169      0.0554352
      -0.278525        1.31155      -0.542169      0.0554352
      -0.278525        1.31155      -0.542169      0.0554352
      -0.200173        1.35243      -0.694064      0.0465834
        1.05965      0.0329837      -0.874838      0.0639896
        1.46541          1.024      -0.197684      0.0273984
        1.79627       0.581995        1.32978     0.00986327
       0.337814       0.507847        1.94168      0.0170697
       0.337814       0.507847        1.94168      0.0170697
       0.337814       0.507847        1.94168      0.0170697
       0.485585       0.591704        1.04661       0.074773
       0.182154       0.889207       0.791864      0.0898979
       0.182154       0.889207       0.791864      0.0898979
       0.182154       0.889207       0.791864      0.0898979
       0.182154       0.889207       0.791864      0.0898979
      -0.891437       0.532919      -0.781568      0.0743015
      -0.646824        1.30364      -0.281997      0.0515749
       -1.38272         1.4164       0.022352      0.0190806
       -1.38272         1.4164       0.022352      0.0190806
       -1.38272         1.4164       0.022352      0.0190806
      -0.246335       0.524634       0.353295       0.257289
      -0.246335       0.524634       0.353295       0.257289
      -0.246335       0.524634       0.353295       0.257289
      -0.246335       0.524634       0.353295       0.257289
      -0.246335       0.524634       0.353295       0.257289
      -0.246335       0.524634       0.353295       0.257289
      -0.153467       0.433279      -0.186988       0.370662
        0.23266       0.242616      -0.626597       0.241198
        0.23266       0.242616      -0.626597       0.241198
        0.23266       0.242616      -0.626597       0.241198
      -0.682865        0.54601        0.73032       0.102446
      -0.682865        0.54601        0.73032       0.102446
       0.265872       0.648374      -0.296162        0.21837
       0.265872       0.648374      -0.296162        0.21837
       0.265872       0.648374      -0.296162        0.21837
       0.265872       0.648374      -0.296162        0.21837
       0.265872       0.648374      -0.296162        0.21837
       0.509682        1.05482       0.559903      0.0745073
        0.50223       0.480281       0.860612        0.10945
       0.586615       0.293786       0.703319       0.146076
       0.586615       0.293786       0.703319       0.146076
       0.586615       0.293786       0.703319       0.146076
       0.548403      -0.536658      -0.769224       0.113839
       0.548403      -0.536658      -0.769224       0.113839
       0.548403      -0.536658      -0.769224       0.113839
       0.548403      -0.536658      -0.769224       0.113839
       0.548403      -0.536658      -0.769224       0.113839
       0.548403      -0.536658      -0.769224       0.113839
       0.548403      -0.536658      -0.769224       0.113839
       0.548403      -0.536658      -0.769224       0.113839
     -0.0824357       -0.76315        -2.2083     0.00931811
        1.08094      -0.195107       -2.24543     0.00674216
        1.08094      -0.195107       -2.24543     0.00674216
        1.57916       0.103751        -2.2043     0.00439567
       0.853546        1.64133       -1.11159      0.0133459
       0.853546        1.64133       -1.11159      0.0133459
       0.853546        1.64133       -1.11159      0.0133459
       0.199907         1.8382       -1.48252     0.00873904
      -0.274825        0.58653       -1.22902      0.0621302
      -0.734625        1.17106       -0.35792      0.0574992
      -0.713707        0.47497        0.31623       0.160809
      -0.861497        0.14962       0.136976       0.170314
       0.329993     0.00492799       0.591876        0.25786
        -0.6784         1.0762       0.362211      0.0709722
      -0.474699        2.44729       0.782769     0.00537598
      -0.870164        2.37252       0.352435     0.00607829
        -1.3293        1.53293       0.479109       0.015458
       -1.45414         1.3481       0.555202      0.0162719
       -1.30224       0.840934       0.107159       0.044703
         -1.704        1.14451       0.362372        0.01547
         -1.704        1.14451       0.362372        0.01547
       -1.96261      0.0755693       0.698028      0.0154703
       -1.96261      0.0755693       0.698028      0.0154703
       -2.16809       0.631567       0.909401       0.007682
       -2.16809       0.631567       0.909401       0.007682
       -2.26759       -0.71115       0.484866     0.00782143
       -3.26862      -0.859865      -0.367453     0.00111434
       -3.26862      -0.859865      -0.367453     0.00111434
       -4.18497       -1.49333       -1.23622    9.86064e-05
       -4.18497       -1.49333       -1.23622    9.86064e-05
       -4.97622       -1.32602      -0.382079    3.27033e-05
       -4.97622       -1.32602      -0.382079    3.27033e-05
        -5.5635      -0.875793       0.734451    1.16595e-05
       -4.46923      -0.752937      -0.781133    0.000101236
        -4.2041       0.840554      -0.876704    0.000158138
        -4.5043        1.01963      -0.853767    8.33023e-05
       -5.23982        2.16967      -0.144406    1.18144e-05
       -4.90594        2.37093        -0.3833    1.80107e-05
        -3.3714        1.55049      -0.532731    0.000554312
       -3.61574       0.693942       -1.46299     0.00036213
       -3.46358       0.564223     -0.0907929    0.000893085
       -3.46358       0.564223     -0.0907929    0.000893085
        -2.8325      -0.462309       0.336283     0.00309111
        -2.8325      -0.462309       0.336283     0.00309111
        -2.8325      -0.462309       0.336283     0.00309111
       -2.31053       0.233334      -0.157357     0.00951187
       -1.10187       0.694381      -0.631661       0.055298
     -0.0862309      0.0374792      -0.364595        0.47093
       0.621827       0.391295        0.68557        0.13402
       0.621827       0.391295        0.68557        0.13402
       0.509783       0.484438     -0.0142403       0.244929
       0.851791      -0.270923      -0.599291       0.116217
      0.0576227       0.484042        0.25878       0.331614
      0.0576227       0.484042        0.25878       0.331614
      0.0576227       0.484042        0.25878       0.331614
      0.0576227       0.484042        0.25878       0.331614
       0.795549      -0.381862       0.114382       0.168695
       0.795549      -0.381862       0.114382       0.168695
       0.901605      -0.506347       0.787517      0.0743043
       0.901605      -0.506347       0.787517      0.0743043
       0.901605      -0.506347       0.787517      0.0743043
       0.901605      -0.506347       0.787517      0.0743043
        1.41361      -0.693699       0.396912      0.0388597
        1.41361      -0.693699       0.396912      0.0388597
        1.29267     -0.0289698      0.0427104      0.0752146
        1.29267     -0.0289698      0.0427104      0.0752146
       0.745374       -1.14744       0.791547      0.0423627
       0.461548       0.611326       0.476956       0.164524
       0.461548       0.611326       0.476956       0.164524
      -0.432131       -0.39556       0.762698       0.146102
      -0.432131       -0.39556       0.762698       0.146102
       0.690224      -0.151805       0.307496       0.214073
       0.904509     -0.0925228      -0.155158       0.158066
        1.08797      -0.589688        0.42229       0.073157
        0.35861       -1.47422       -1.32038      0.0179063
      -0.137452       0.543433      -0.331669       0.271813
      -0.137452       0.543433      -0.331669       0.271813
      -0.137452       0.543433      -0.331669       0.271813
      -0.137452       0.543433      -0.331669       0.271813
      -0.137452       0.543433      -0.331669       0.271813
      -0.137452       0.543433      -0.331669       0.271813
      -0.137452       0.543433      -0.331669       0.271813
      -0.137452       0.543433      -0.331669       0.271813
       0.749584      0.0470516       0.310647       0.196806
       0.749584      0.0470516       0.310647       0.196806
       0.749584      0.0470516       0.310647       0.196806
       0.749584      0.0470516       0.310647       0.196806
       0.749584      0.0470516       0.310647       0.196806
       0.749584      0.0470516       0.310647       0.196806
       0.749584      0.0470516       0.310647       0.196806
       0.749584      0.0470516       0.310647       0.196806
       0.749584      0.0470516       0.310647       0.196806
       0.909434         1.0197       0.595465      0.0507476
       0.909434         1.0197       0.595465      0.0507476
       0.909434         1.0197       0.595465      0.0507476
         1.1209       0.852561       0.640841      0.0452988
        1.32855        1.24237        1.26048      0.0119623
        1.32855        1.24237        1.26048      0.0119623
        1.32855        1.24237        1.26048      0.0119623
        1.32855        1.24237        1.26048      0.0119623
        1.32855        1.24237        1.26048      0.0119623
        1.18611       0.775359        2.24749     0.00492289
        1.08554       0.523718        2.04159     0.00872444
       0.495756        1.72698        1.64571     0.00765011
       0.584758        1.18732        1.27257      0.0254226
       0.690293       0.619921       0.775993      0.0890046
       0.690293       0.619921       0.775993      0.0890046
       0.690293       0.619921       0.775993      0.0890046
      -0.256518     -0.0353229        1.39816      0.0581999
    -0.00951078      -0.191762        1.30235      0.0718733
       0.380248       0.289398        1.47646      0.0448816
      -0.590338      -0.675157        1.05937      0.0622849
      -0.590338      -0.675157        1.05937      0.0622849
      -0.590338      -0.675157        1.05937      0.0622849
      -0.397687       -1.48298      -0.510568      0.0393173
      -0.739094       -1.51444      -0.181858      0.0337118
      -0.739094       -1.51444      -0.181858      0.0337118
      -0.739094       -1.51444      -0.181858      0.0337118
       -1.34398      -0.752277      0.0306052      0.0459132
       -1.07243      -0.479014      -0.468938      0.0797072
       -1.07243      -0.479014      -0.468938      0.0797072
      -0.827678     -0.0510404      -0.788264       0.101444
      -0.827678     -0.0510404      -0.788264       0.101444
      -0.827678     -0.0510404      -0.788264       0.101444
      -0.827678     -0.0510404      -0.788264       0.101444
      -0.540077       0.275056      -0.230178       0.273448
      -0.540077       0.275056      -0.230178       0.273448
     -0.0610918       0.308385       -1.10323       0.100833
     -0.0610918       0.308385       -1.10323       0.100833
     -0.0610918       0.308385       -1.10323       0.100833
     -0.0610918       0.308385       -1.10323       0.100833
      -0.433314       -1.34556      -0.311969      0.0552852
      -0.433314       -1.34556      -0.311969      0.0552852
      -0.433314       -1.34556      -0.311969      0.0552852
       -1.02404       -1.34757      0.0189543      0.0338695
       -1.17121       -1.82885      -0.295912      0.0124803
       -1.17121       -1.82885      -0.295912      0.0124803
       -1.17121       -1.82885      -0.295912      0.0124803
       -1.17121       -1.82885      -0.295912      0.0124803
       -1.37967      -0.598495       -0.63393      0.0382324
       -1.37967      -0.598495       -0.63393      0.0382324
       -1.37967      -0.598495       -0.63393      0.0382324
       -1.37967      -0.598495       -0.63393      0.0382324
       -1.37967      -0.598495       -0.63393      0.0382324
       -1.37967      -0.598495       -0.63393      0.0382324
       -1.56664      -0.614769      -0.491687      0.0299988
       -1.43477       -0.69687      -0.815563      0.0277943
       -1.43477       -0.69687      -0.815563      0.0277943
      -0.907661      -0.579452      -0.754224        0.07212
      -0.268825       -1.43194       0.176936      0.0531135
      -0.212901      -0.623292      -0.837067       0.118807
      -0.212901      -0.623292      -0.837067       0.118807
      -0.212901      -0.623292      -0.837067       0.118807
      -0.382402      -0.374508       -1.22242      0.0693259
      -0.382402      -0.374508       -1.22242      0.0693259
       -1.12974      -0.153951       -1.62846      0.0187628
      -0.979034      -0.173501      -0.491362        0.10881
      -0.893329      -0.474239       0.606876      0.0945133
      -0.893329      -0.474239       0.606876      0.0945133
      -0.202571      -0.318283       0.622149       0.233352
      -0.202571      -0.318283       0.622149       0.233352
       0.399064      -0.255117        1.60121      0.0354513
       0.399064      -0.255117        1.60121      0.0354513
       0.399064      -0.255117        1.60121      0.0354513
       0.399064      -0.255117        1.60121      0.0354513
       0.388121      -0.623529         1.4704      0.0373567
       0.388121      -0.623529         1.4704      0.0373567
        1.50533        1.00436        1.41981      0.0100491
        1.50533        1.00436        1.41981      0.0100491
        0.78417        2.46992       0.946447     0.00401518
        1.22007        2.57978       0.742454     0.00274632
       0.886999        3.18663       0.941517     0.00102988
       0.423635        3.35266           0.76    0.000980495
        1.14148        2.15767       -1.13939     0.00457268
        1.14148        2.15767       -1.13939     0.00457268
        1.86946        1.81374        0.95497     0.00389327
        1.86946        1.81374        0.95497     0.00389327
        1.21815         2.2584        1.48699     0.00265478
        1.21815         2.2584        1.48699     0.00265478
       0.194254         1.3067       0.543418      0.0574447
       0.194254         1.3067       0.543418      0.0574447
       0.194254         1.3067       0.543418      0.0574447
       0.194254         1.3067       0.543418      0.0574447
      -0.100637       0.602633       0.106632       0.289261
      -0.100637       0.602633       0.106632       0.289261
      -0.100637       0.602633       0.106632       0.289261
      -0.100637       0.602633       0.106632       0.289261
       0.549313      -0.160202       0.648908        0.17723
       0.549313      -0.160202       0.648908        0.17723
       0.580264       0.630989        0.60271        0.12297
        0.84218      -0.360026       0.788111      0.0892233
       0.118503       -0.69491       0.267462       0.221363
       0.118503       -0.69491       0.267462       0.221363
       0.118503       -0.69491       0.267462       0.221363
       0.118503       -0.69491       0.267462       0.221363
       0.118503       -0.69491       0.267462       0.221363
      -0.403853      -0.469476       0.283212       0.256166
      -0.403853      -0.469476       0.283212       0.256166
      -0.403853      -0.469476       0.283212       0.256166
      -0.403853      -0.469476       0.283212       0.256166
      -0.475685      0.0845646       0.712125       0.178869
      -0.228106       0.787735         1.2645      0.0490792
       -1.59457     -0.0660085        1.78102     0.00837164
      -0.980883      -0.286861       0.807883      0.0738697
        -1.3534      -0.293548       0.603202      0.0487489
      -0.858628      -0.519889       0.930781      0.0647129
      -0.459996        1.15925       0.688409      0.0578953
      -0.459996        1.15925       0.688409      0.0578953
       0.936875        1.50107       0.299171      0.0276224
       0.936875        1.50107       0.299171      0.0276224
      0.0192788        2.11781       0.357722      0.0136259
      0.0192788        2.11781       0.357722      0.0136259
      0.0192788        2.11781       0.357722      0.0136259
      -0.675355       0.925775       0.999365      0.0477879
       -1.52313        1.10461       0.665212      0.0184761
       -1.52313        1.10461       0.665212      0.0184761
       -1.52313        1.10461       0.665212      0.0184761
       -1.85071        1.53258      -0.820228     0.00623197
       -1.91523        1.90396       0.108134     0.00449178
       -1.91523        1.90396       0.108134     0.00449178
       -1.91523        1.90396       0.108134     0.00449178
       -1.92941         2.0734       0.606064     0.00304963
       -1.92941         2.0734       0.606064     0.00304963
       -2.31896        1.63945       0.469669     0.00316037
       -2.05306       0.775862       0.617692      0.0104613
       -1.48914       0.547391        0.19003       0.040934
       -1.48914       0.547391        0.19003       0.040934
       -1.48914       0.547391        0.19003       0.040934
      -0.788921       0.679384      -0.633548      0.0873798
      -0.363427      -0.775681      -0.587979       0.125185
       0.224167       0.287993      -0.504863       0.287677
       0.224167       0.287993      -0.504863       0.287677
       0.224167       0.287993      -0.504863       0.287677
       0.777219     -0.0306071       -1.08068      0.0697396
       0.777219     -0.0306071       -1.08068      0.0697396
       0.616556     -0.0654177      -0.780474       0.136211
       0.616556     -0.0654177      -0.780474       0.136211
        1.22302       0.313561      -0.938173      0.0430259
        1.82966       0.301142       -1.31349      0.0106233
        1.82966       0.301142       -1.31349      0.0106233
        1.98317        0.39353      -0.615536      0.0145973
        1.98317        0.39353      -0.615536      0.0145973
        1.98317        0.39353      -0.615536      0.0145973
         1.4603        1.33853       0.686888      0.0150963
         1.4603        1.33853       0.686888      0.0150963
         1.4603        1.33853       0.686888      0.0150963
        2.63377       0.512665      -0.685397     0.00393158
        1.29091        1.21753      -0.893984      0.0187994
        1.29091        1.21753      -0.893984      0.0187994
        1.29091        1.21753      -0.893984      0.0187994
        1.22353        1.11791      -0.207185      0.0354208
        1.22353        1.11791      -0.207185      0.0354208
        1.22353        1.11791      -0.207185      0.0354208
       0.932039        1.21379        0.12961      0.0463439
        1.59088       0.722727       0.313824       0.028707
        1.59088       0.722727       0.313824       0.028707
        1.92248      -0.101497       0.612065      0.0175936
        1.92248      -0.101497       0.612065      0.0175936
        1.92248      -0.101497       0.612065      0.0175936
        1.60106       0.771138       0.394745      0.0262313
      -0.377817       0.135644      -0.515367       0.270761
      -0.377817       0.135644      -0.515367       0.270761
      0.0421807       0.390412      -0.536616       0.264504
      0.0421807       0.390412      -0.536616       0.264504
      0.0421807       0.390412      -0.536616       0.264504
       0.435612      0.0872972      -0.719818       0.184194
       0.148496     -0.0510923       -1.73483      0.0306891
      0.0297126      -0.157674       -1.08414       0.111704
      0.0297126      -0.157674       -1.08414       0.111704
      0.0297126      -0.157674       -1.08414       0.111704
      0.0297126      -0.157674       -1.08414       0.111704
      0.0297126      -0.157674       -1.08414       0.111704
      0.0297126      -0.157674       -1.08414       0.111704
      0.0297126      -0.157674       -1.08414       0.111704
       0.882399       0.289908      0.0186251       0.155987
       0.185771        1.09789      -0.734809      0.0693777
       0.185771        1.09789      -0.734809      0.0693777
       0.721589       0.550667      -0.317536       0.146126
       0.989681       0.740153       0.505409      0.0692258
         1.5218       0.088755       0.634012       0.036811
         1.1035      -0.227738        1.13531      0.0408003
         1.1035      -0.227738        1.13531      0.0408003
      -0.897524      -0.338674       0.908795      0.0711585
      -0.897524      -0.338674       0.908795      0.0711585
       0.732616      -0.095665       0.690863       0.132253
       0.732616      -0.095665       0.690863       0.132253
       0.732616      -0.095665       0.690863       0.132253
       0.732616      -0.095665       0.690863       0.132253
       0.732616      -0.095665       0.690863       0.132253
       0.367405        0.98435       0.355219       0.108804
       0.677391       0.599154       0.579808       0.116658
      -0.622806      -0.213651        0.68646       0.149213
      -0.181318      -0.667048      -0.342075       0.213841
      -0.181318      -0.667048      -0.342075       0.213841
      0.0210921      -0.243099      -0.677968       0.236671
        0.83804      -0.124619      -0.852861      0.0903251
        0.83804      -0.124619      -0.852861      0.0903251
        0.83804      -0.124619      -0.852861      0.0903251
       0.828036      -0.672798       -1.58463      0.0219134
       -0.41938         0.9588       -1.45601      0.0277044
       -1.36298        1.28995       0.289781      0.0224218
       -1.36298        1.28995       0.289781      0.0224218
       -0.10525        0.39834        1.23989       0.073307
      -0.154502       0.598156        1.10267      0.0798285
      -0.154502       0.598156        1.10267      0.0798285
      -0.154502       0.598156        1.10267      0.0798285
       0.581033       0.689864        1.27258      0.0441749
       0.777844        1.20402        1.89286     0.00866261
        1.14039        2.07729        2.41355     0.00115361
     -0.0682195        1.46056        1.92359     0.00796723
     -0.0682195        1.46056        1.92359     0.00796723
      -0.892318        2.63219        2.65127    0.000460978
       -1.24394        1.78305        2.22311     0.00199133
       -1.33643       0.730878        2.07143     0.00584368
       -1.33643       0.730878        2.07143     0.00584368
      -0.838993        2.37738       0.150443     0.00640213
      -0.838993        2.37738       0.150443     0.00640213
       0.165231        1.68502        0.98172      0.0199552
      -0.978579        1.48221       0.937625      0.0180101
       -0.21122        1.79338        1.25376      0.0123179
       -0.84983        1.17143        0.87565      0.0339444
      -0.742248        1.30081       0.564277      0.0407253
       -0.84161      0.0126963       0.632148       0.121808
       -0.84161      0.0126963       0.632148       0.121808
       0.533519       0.414317       0.422887       0.203131
       0.533519       0.414317       0.422887       0.203131
       0.249609      -0.466465      -0.158333       0.331386
       0.249609      -0.466465      -0.158333       0.331386
     -0.0159393       -0.24259       0.259069       0.491374
     -0.0159393       -0.24259       0.259069       0.491374
     -0.0159393       -0.24259       0.259069       0.491374
     -0.0159393       -0.24259       0.259069       0.491374
     -0.0159393       -0.24259       0.259069       0.491374
       0.563861      -0.823131       0.335301       0.121828
       0.582739      -0.977835    -0.00871867       0.102624
       0.582739      -0.977835    -0.00871867       0.102624
       0.582739      -0.977835    -0.00871867       0.102624
       0.582739      -0.977835    -0.00871867       0.102624
       0.170555      0.0747428     -0.0951122       0.658233
       0.170555      0.0747428     -0.0951122       0.658233
      -0.436221       0.253334        0.70644       0.176204
      -0.436221       0.253334        0.70644       0.176204
      -0.436221       0.253334        0.70644       0.176204
     -0.0826332       0.271072      -0.681688       0.228438
      -0.773327       -0.14237      -0.474689       0.159296
      -0.773327       -0.14237      -0.474689       0.159296
       -0.26186       0.167871        0.38078       0.374056
       -0.26186       0.167871        0.38078       0.374056
       -0.26186       0.167871        0.38078       0.374056
       -0.26186       0.167871        0.38078       0.374056
       -0.26186       0.167871        0.38078       0.374056
      -0.354084     -0.0604537      -0.402823       0.339787
       0.124274        1.06329      -0.542871      0.0906627
       0.124274        1.06329      -0.542871      0.0906627
       0.124274        1.06329      -0.542871      0.0906627
     -0.0398708        1.35144       0.581661      0.0526715
      -0.493091       0.816256       0.720706       0.091568
      -0.549189       0.260613        1.26534       0.060351
      -0.869061       -1.02172       0.671492      0.0497846
      -0.659412         -1.049        0.47935       0.070154
        -1.0956       -1.10575       0.729538      0.0321236
       -1.00984      -0.476163      -0.564768      0.0818902
       -1.00984      -0.476163      -0.564768      0.0818902
       -1.00984      -0.476163      -0.564768      0.0818902
       -1.00984      -0.476163      -0.564768      0.0818902
       -1.45818     -0.0550887       0.233755      0.0520451
       -1.45818     -0.0550887       0.233755      0.0520451
       -1.45818     -0.0550887       0.233755      0.0520451
       -1.45818     -0.0550887       0.233755      0.0520451
       -1.61945       0.130453       0.536559       0.032647
       -1.12202      -0.569929      0.0860978      0.0802332
      -0.785445       -1.47526       0.358493      0.0327559
      -0.161974       -1.33065       0.173085      0.0669905
       0.453176       -1.13774     -0.0383273      0.0862463
       0.347342      -0.933173        0.50923       0.106804
      -0.391723      -0.742781       0.382879       0.157895
      -0.230412       0.600572      -0.403386        0.21903
      -0.230412       0.600572      -0.403386        0.21903
      -0.230412       0.600572      -0.403386        0.21903
      -0.180124      -0.635816     -0.0831308       0.263925
      -0.180124      -0.635816     -0.0831308       0.263925
      -0.180124      -0.635816     -0.0831308       0.263925
       0.191336       0.560505      0.0981949       0.300985
       0.191336       0.560505      0.0981949       0.300985
       0.411603       0.714351       0.455476       0.152012
       0.411603       0.714351       0.455476       0.152012
       0.411603       0.714351       0.455476       0.152012
       0.411603       0.714351       0.455476       0.152012
       0.411603       0.714351       0.455476       0.152012
       0.411603       0.714351       0.455476       0.152012
       0.411603       0.714351       0.455476       0.152012
       0.334156        1.70873      -0.172576      0.0302197
        2.05482        1.52844        0.26752      0.0058009
        2.05482        1.52844        0.26752      0.0058009
        2.05482        1.52844        0.26752      0.0058009
         1.2008        2.13805      -0.132323     0.00736154
         1.2008        2.13805      -0.132323     0.00736154
         1.2008        2.13805      -0.132323     0.00736154
        2.16339        1.88978      -0.451354     0.00298076
        2.65323       0.494851       0.903161     0.00337227
        2.81846       0.076221      -0.328002     0.00342377
        0.97558       0.379361      0.0974444       0.122146
        0.97558       0.379361      0.0974444       0.122146
        0.74211        1.03802       0.681457      0.0554005
        1.98004        1.25973        0.66162     0.00762315
        1.67964        1.10691       0.847112      0.0127103
        1.67964        1.10691       0.847112      0.0127103
        1.11196        1.45682        1.72285     0.00653419
      -0.553982         1.7301        1.71066     0.00680167
       -1.11612        1.61564       0.973335      0.0124836
      -0.849638       0.542498        1.40813      0.0313189
       -1.61484        0.56757       0.193559      0.0318993
       -2.04344       0.567889        1.04034     0.00887433
       -1.58067        1.60604       0.740101     0.00870651
       -2.17918       0.394438        1.12304     0.00697006
       -1.49694       0.606809       0.502535       0.033937
       -1.62076       -0.92136        0.37773      0.0222715
      -0.304577      -0.781922      -0.888924      0.0867369
       0.888946      -0.552695     -0.0819446       0.122467
        1.03717     -0.0091152      0.0638305       0.125136
        1.03717     -0.0091152      0.0638305       0.125136
        1.58233       0.880737       -1.09782      0.0144739
        1.58233       0.880737       -1.09782      0.0144739
        1.58233       0.880737       -1.09782      0.0144739
        1.58233       0.880737       -1.09782      0.0144739
        1.58233       0.880737       -1.09782      0.0144739
         1.7425        1.39034      -0.237379      0.0112926
        1.33132       0.623105      -0.612628      0.0413802
        1.33132       0.623105      -0.612628      0.0413802
        1.33132       0.623105      -0.612628      0.0413802
        1.33132       0.623105      -0.612628      0.0413802
       0.971719        0.35188       -1.24904      0.0390734
       0.495652      -0.996547       -1.83961      0.0135657
       0.678228        -1.2462       -1.64559      0.0129642
      -0.439687       0.304116       -1.05398      0.0940789
       0.818518      -0.509017      -0.713543      0.0908532
       0.818518      -0.509017      -0.713543      0.0908532
       0.818518      -0.509017      -0.713543      0.0908532
      0.0499855      -0.479131      -0.794682       0.155893
      0.0499855      -0.479131      -0.794682       0.155893
      -0.277726       -0.54731      -0.337384       0.246418
      -0.277726       -0.54731      -0.337384       0.246418
       0.188591      0.0809388      -0.477611        0.35357
       0.188591      0.0809388      -0.477611        0.35357
        0.42929      -0.496846     0.00952477       0.268912
        0.42929      -0.496846     0.00952477       0.268912
        0.42929      -0.496846     0.00952477       0.268912
      0.0295234       -1.31653          0.506      0.0595193
      0.0295234       -1.31653          0.506      0.0595193
        1.05256      -0.474814       0.678488      0.0686622
        1.05256      -0.474814       0.678488      0.0686622
        1.05256      -0.474814       0.678488      0.0686622
        1.05256      -0.474814       0.678488      0.0686622
        1.05256      -0.474814       0.678488      0.0686622
        1.05256      -0.474814       0.678488      0.0686622
       0.569413      -0.811191        1.37208      0.0338715
       0.569413      -0.811191        1.37208      0.0338715
       0.421494      -0.387005       0.869404       0.124727
      0.0266695       0.883743        1.06542      0.0627251
      0.0266695       0.883743        1.06542      0.0627251
     -0.0258502       0.425071        1.04144        0.10537
     -0.0258502       0.425071        1.04144        0.10537
     -0.0258502       0.425071        1.04144        0.10537
      -0.787971      -0.359215        1.20202      0.0516653
      -0.787971      -0.359215        1.20202      0.0516653
      -0.369489      -0.429972      0.0539759       0.320149
      -0.369489      -0.429972      0.0539759       0.320149
      -0.714667       0.509972      -0.575853       0.122465
      -0.714667       0.509972      -0.575853       0.122465
        0.49924       0.371299      -0.199035       0.270773
        0.49924       0.371299      -0.199035       0.270773
        0.49924       0.371299      -0.199035       0.270773
        1.25908      0.0533958        1.12489      0.0340999
        1.25908      0.0533958        1.12489      0.0340999
       -1.21145      -0.287369        1.24047      0.0297452
       -1.21145      -0.287369        1.24047      0.0297452
      -0.449718      -0.791656        1.61577      0.0244953
       0.416695       -1.04006        1.13492      0.0411879
       -0.13341        -0.5788        1.29533      0.0578422
       -0.10068       0.272739        1.16337      0.0908733
        0.38047     -0.0670511        1.53821      0.0419214
        0.38047     -0.0670511        1.53821      0.0419214
       0.236534      -0.121778        1.48456      0.0489763
       0.398516       -1.12169        1.13087      0.0374849
       0.541242       -1.35168       0.790334      0.0363933
       0.541242       -1.35168       0.790334      0.0363933
      -0.778777       -1.37962      0.0692591      0.0419397
      -0.778777       -1.37962      0.0692591      0.0419397
        1.89755      -0.716473        1.32057     0.00790207
        2.08749       0.120632        1.18203     0.00819773
        2.04818    -0.00700099       0.766697      0.0126011
        1.09978        1.04735        1.65582      0.0111798
        1.09978        1.04735        1.65582      0.0111798
       0.515084        2.67715        2.54521    0.000576024
       0.480285        2.12634        1.32661     0.00607437
        1.10702        2.05862       0.607507     0.00798573
        1.17894        1.54329      -0.159473      0.0202983
       0.556626        1.08406       0.622707      0.0647646
       0.787415       0.994448       0.969117      0.0410659
       0.787415       0.994448       0.969117      0.0410659
       0.787415       0.994448       0.969117      0.0410659
       0.437857       0.628903       0.204211        0.20472
       0.437857       0.628903       0.204211        0.20472
       0.437857       0.628903       0.204211        0.20472
       0.115577       0.738635     -0.0167311        0.22411
       0.115577       0.738635     -0.0167311        0.22411
       0.115577       0.738635     -0.0167311        0.22411
       0.869366       0.346372       0.367092       0.133922
       0.869366       0.346372       0.367092       0.133922
       0.869366       0.346372       0.367092       0.133922
