        5.19734        4.36835        4.18022    1.18774e-07
        5.19734        4.36835        4.18022    1.18774e-07
        5.19734        4.36835        4.18022    1.18774e-07
        5.20589        4.57168        4.21565    9.02981e-08
        5.15958         3.9893         3.4279    3.98386e-07
        6.07069        4.41799        2.08807    1.70226e-07
        5.24076        4.67972        3.07082     2.1869e-07
        5.24076        4.67972        3.07082     2.1869e-07
        5.55798        6.93656         3.8054    3.99649e-09
         5.9628        7.90203        1.93093    1.73577e-09
        5.37146        7.25496        1.95004    9.51416e-09
        5.48585        7.19776         2.3098    7.71418e-09
        5.77664        6.34446        2.59971    1.63179e-08
        6.87965        5.96902        1.30238    1.01923e-08
        6.98893        5.10033       0.833333    2.81918e-08
        6.98893        5.10033       0.833333    2.81918e-08
        6.98893        5.10033       0.833333    2.81918e-08
        5.48255        4.80782       0.518529    4.46935e-07
        4.43294        6.11822       0.771542     2.5314e-07
        4.43294        6.11822       0.771542     2.5314e-07
        4.21437        4.73985        2.39588    1.29132e-06
        4.21437        4.73985        2.39588    1.29132e-06
        4.18601        4.93026        2.30268     1.0886e-06
        4.18601        4.93026        2.30268     1.0886e-06
        4.19654        3.64966        3.01455    3.20102e-06
        4.64713        3.36711        1.67865    6.40488e-06
        3.65279        2.56899        1.67359    7.20593e-05
        3.28962        1.80794        1.81871    0.000238258
        3.28962        1.80794        1.81871    0.000238258
        2.98945        2.28015       0.374071    0.000522605
        2.54726        1.64031     -0.0299507     0.00233507
          2.744        1.54648      0.0258898      0.0018367
        2.93828       0.605012      -0.746711     0.00206439
        2.69874        2.29564       -1.29908    0.000527484
        2.69874        2.29564       -1.29908    0.000527484
        2.69874        2.29564       -1.29908    0.000527484
        2.65313       0.249819        -1.0692     0.00320601
        2.65313       0.249819        -1.0692     0.00320601
        2.65313       0.249819        -1.0692     0.00320601
         2.7247      -0.640776       -1.32809     0.00203705
         2.7247      -0.640776       -1.32809     0.00203705
        1.75573      -0.258725       -1.22109      0.0134548
         1.1801      -0.884148      -0.894619      0.0317629
        1.36126    -0.00367377       -1.32565       0.022366
        2.10307      -0.996831       -2.69386    0.000808796
        1.39229       -1.20661       -1.66434     0.00697349
        1.39229       -1.20661       -1.66434     0.00697349
        1.39229       -1.20661       -1.66434     0.00697349
       0.801576      -0.673994       -2.84645     0.00232047
        1.58054       -1.49611       -2.41839     0.00149304
        2.80317       -1.07071       -2.47682    0.000417293
         1.3527       -1.13578       -2.64739     0.00172065
        2.61641      -0.993466       -1.78664     0.00130614
       0.846411     -0.0559268       -2.03008       0.012273
        1.33957      -0.271834       -1.00645      0.0335449
        1.33957      -0.271834       -1.00645      0.0335449
        1.33957      -0.271834       -1.00645      0.0335449
        1.33957      -0.271834       -1.00645      0.0335449
        1.33957      -0.271834       -1.00645      0.0335449
        1.48356      -0.110083       -1.30663      0.0190636
        1.48356      -0.110083       -1.30663      0.0190636
        1.83379       0.495715      -0.279776      0.0214892
        1.54323      0.0915191      -0.982511      0.0256433
        1.54323      0.0915191      -0.982511      0.0256433
       -1.21273        0.56669       0.396427      0.0612898
        -1.6419        1.23125        0.15691      0.0163012
        -1.6419        1.23125        0.15691      0.0163012
       -1.61064        1.27584       -0.77628       0.012364
      -0.336174        1.16964       -1.36944      0.0256267
      -0.336174        1.16964       -1.36944      0.0256267
      -0.336174        1.16964       -1.36944      0.0256267
      -0.336174        1.16964       -1.36944      0.0256267
       -1.23335      0.0415996       -1.22456       0.030899
       -1.23335      0.0415996       -1.22456       0.030899
      -0.751114      -0.408649       -1.55642      0.0286763
      -0.751114      -0.408649       -1.55642      0.0286763
      -0.751114      -0.408649       -1.55642      0.0286763
      -0.751114      -0.408649       -1.55642      0.0286763
      -0.751114      -0.408649       -1.55642      0.0286763
       -0.67772       -1.05526       -1.71766      0.0142134
      -0.471436       -0.66006       -2.73226     0.00334516
      -0.101486      -0.410169       -2.75801     0.00377112
      -0.264577      0.0889536       -1.74826      0.0289899
      -0.264577      0.0889536       -1.74826      0.0289899
      -0.633184      -0.557602       -2.53803     0.00475207
      -0.633184      -0.557602       -2.53803     0.00475207
       0.266643       0.754571       -2.15974     0.00998675
       0.201314       0.260516       -2.52732      0.0061129
      -0.213736      -0.772311       -2.68773     0.00366369
      -0.213736      -0.772311       -2.68773     0.00366369
      -0.213736      -0.772311       -2.68773     0.00366369
       0.297515       -1.60559       -2.13475     0.00462931
       0.297515       -1.60559       -2.13475     0.00462931
       0.265464       -1.92712       -1.45349     0.00777603
       0.265464       -1.92712       -1.45349     0.00777603
       0.215392       -2.99531      -0.654862     0.00213941
       0.215392       -2.99531      -0.654862     0.00213941
       0.215392       -2.99531      -0.654862     0.00213941
       0.215392       -2.99531      -0.654862     0.00213941
       0.215392       -2.99531      -0.654862     0.00213941
        1.33142       -2.87008       0.806029     0.00145923
        1.29398         -2.487        1.44326     0.00182466
        1.40257       -2.24144        2.63775    0.000570123
       0.768004       -2.28062        3.56242    0.000184453
       -0.24488       -2.43809        2.79309    0.000592482
       -0.24488       -2.43809        2.79309    0.000592482
       -0.24488       -2.43809        2.79309    0.000592482
      -0.208768       -2.18794        2.62826     0.00105704
      -0.208768       -2.18794        2.62826     0.00105704
      -0.208768       -2.18794        2.62826     0.00105704
       -2.07491       -1.54959        1.35568     0.00289104
       -2.07491       -1.54959        1.35568     0.00289104
       -2.45918      -0.499442        1.37013     0.00328585
        -1.4846       -1.25837       0.559626      0.0174215
      -0.625492      -0.986103       0.995578      0.0464638
      -0.704629       -1.20149       0.810939      0.0398166
      -0.704629       -1.20149       0.810939      0.0398166
      -0.464775      -0.690612        1.03107      0.0706281
      -0.464775      -0.690612        1.03107      0.0706281
      -0.464775      -0.690612        1.03107      0.0706281
      -0.464775      -0.690612        1.03107      0.0706281
      -0.464775      -0.690612        1.03107      0.0706281
       -1.34109       0.102238        1.01731      0.0342943
       -1.34109       0.102238        1.01731      0.0342943
       -1.34109       0.102238        1.01731      0.0342943
       -0.28285       0.422625        0.61461       0.202818
       -0.28285       0.422625        0.61461       0.202818
       -0.28285       0.422625        0.61461       0.202818
       -0.28285       0.422625        0.61461       0.202818
       0.410734      -0.611272       0.568068       0.155647
       0.410734      -0.611272       0.568068       0.155647
       0.410734      -0.611272       0.568068       0.155647
       0.410734      -0.611272       0.568068       0.155647
      0.0227552      0.0168416       0.283949       0.565122
      0.0227552      0.0168416       0.283949       0.565122
      0.0227552      0.0168416       0.283949       0.565122
      0.0227552      0.0168416       0.283949       0.565122
      0.0227552      0.0168416       0.283949       0.565122
      0.0227552      0.0168416       0.283949       0.565122
      0.0227552      0.0168416       0.283949       0.565122
      0.0227552      0.0168416       0.283949       0.565122
      0.0227552      0.0168416       0.283949       0.565122
      0.0227552      0.0168416       0.283949       0.565122
      0.0227552      0.0168416       0.283949       0.565122
      0.0227552      0.0168416       0.283949       0.565122
       0.617936      -0.791205       -1.31058      0.0368169
       0.617936      -0.791205       -1.31058      0.0368169
     -0.0450479      -0.840911        1.25501      0.0486689
       0.201668      -0.678719       0.041337       0.242076
      -0.593513       -1.90558      -0.777745      0.0137859
       -0.62961       -1.37132      -0.118005      0.0484553
        -0.3367       -1.28324      -0.633265      0.0528582
      -0.279659       -1.85533       0.133694      0.0232351
      -0.279659       -1.85533       0.133694      0.0232351
      -0.279659       -1.85533       0.133694      0.0232351
        0.70763       -1.83408        1.42366     0.00779364
        1.21775      -0.798633          1.032      0.0281631
      -0.204776     -0.0490673        1.28989      0.0732469
      -0.204776     -0.0490673        1.28989      0.0732469
      -0.204776     -0.0490673        1.28989      0.0732469
      -0.204776     -0.0490673        1.28989      0.0732469
      -0.204776     -0.0490673        1.28989      0.0732469
      -0.567952       0.575449        1.09356      0.0658755
     -0.0977958       0.744149     0.00264911       0.222884
      -0.398602       0.867882       0.643093      0.0999829
       -0.83325        1.14914      -0.658904      0.0437245
       -0.83325        1.14914      -0.658904      0.0437245
      -0.751824       0.664849       -1.14307      0.0477258
      -0.751824       0.664849       -1.14307      0.0477258
      -0.752715      -0.202118      -0.431596       0.168334
      -0.752715      -0.202118      -0.431596       0.168334
      -0.752715      -0.202118      -0.431596       0.168334
      -0.752715      -0.202118      -0.431596       0.168334
       -1.50851       -1.04571        0.75057      0.0189473
      -0.472248      -0.291149       0.692909       0.169435
      -0.472248      -0.291149       0.692909       0.169435
       0.897316      -0.203308     -0.0256761       0.158685
       0.897316      -0.203308     -0.0256761       0.158685
       0.897316      -0.203308     -0.0256761       0.158685
       0.897316      -0.203308     -0.0256761       0.158685
       0.897316      -0.203308     -0.0256761       0.158685
       0.897316      -0.203308     -0.0256761       0.158685
       0.699656       0.149063       0.590188       0.156486
        -0.6827        2.30298       0.928206     0.00579774
        -0.6827        2.30298       0.928206     0.00579774
      -0.125586        3.20381       0.753131     0.00137808
        -1.0983        2.44546       0.799817     0.00371606
        -1.0983        2.44546       0.799817     0.00371606
        -1.0983        2.44546       0.799817     0.00371606
       -1.46085         2.3174      -0.329074     0.00401293
       -1.46085         2.3174      -0.329074     0.00401293
       -1.02085        2.78056       0.790501     0.00217353
       -1.02085        2.78056       0.790501     0.00217353
       -1.02085        2.78056       0.790501     0.00217353
       -1.02085        2.78056       0.790501     0.00217353
       -1.02085        2.78056       0.790501     0.00217353
       -1.02085        2.78056       0.790501     0.00217353
       -2.88444        3.33585      0.0774617    0.000147556
       -2.75588        2.70746       0.755862    0.000380838
       -2.90681        2.38985      0.0537807    0.000538366
       -2.90681        2.38985      0.0537807    0.000538366
       -3.89675        1.88456       -0.60405      0.0001599
       -4.28507        1.41944        1.14261    9.02581e-05
       -3.45576        1.90563       0.817198    0.000315879
       -3.45576        1.90563       0.817198    0.000315879
       -3.57989        2.03943       0.161931    0.000262179
       -3.57989        2.03943       0.161931    0.000262179
       -3.57989        2.03943       0.161931    0.000262179
        -3.7327        1.37591      -0.650108    0.000315309
       -2.24159        1.75737       -1.72536     0.00128074
       -2.13431        1.80376       -1.09088      0.0024797
      -0.848108        3.03637       -1.35908      0.0010425
      -0.955081        2.97707      -0.849978     0.00153382
      -0.863121        1.74072       0.537597      0.0177403
      -0.233437       0.718692        1.53908      0.0324141
      -0.854349      -0.265461        1.34999      0.0392015
      -0.854349      -0.265461        1.34999      0.0392015
       -0.28643       -0.23267       0.563047       0.260175
       -0.28643       -0.23267       0.563047       0.260175
       -0.28643       -0.23267       0.563047       0.260175
       -0.28643       -0.23267       0.563047       0.260175
       -0.28643       -0.23267       0.563047       0.260175
       -0.28643       -0.23267       0.563047       0.260175
       -0.28643       -0.23267       0.563047       0.260175
       -0.28643       -0.23267       0.563047       0.260175
      -0.550487       -0.11389     -0.0669118       0.322315
      -0.550487       -0.11389     -0.0669118       0.322315
      -0.550487       -0.11389     -0.0669118       0.322315
      -0.550487       -0.11389     -0.0669118       0.322315
      -0.550487       -0.11389     -0.0669118       0.322315
      -0.550487       -0.11389     -0.0669118       0.322315
       0.202572      0.0260579       0.248635       0.525432
       0.202572      0.0260579       0.248635       0.525432
       0.123113      -0.643831       0.225012       0.250053
       0.123113      -0.643831       0.225012       0.250053
       0.123113      -0.643831       0.225012       0.250053
     -0.0275797      -0.171711       0.321484       0.481418
     -0.0275797      -0.171711       0.321484       0.481418
     -0.0275797      -0.171711       0.321484       0.481418
     -0.0275797      -0.171711       0.321484       0.481418
     -0.0275797      -0.171711       0.321484       0.481418
     0.00334808       0.201995       0.374606       0.426895
     0.00334808       0.201995       0.374606       0.426895
     0.00334808       0.201995       0.374606       0.426895
     0.00334808       0.201995       0.374606       0.426895
     0.00334808       0.201995       0.374606       0.426895
     0.00334808       0.201995       0.374606       0.426895
     0.00334808       0.201995       0.374606       0.426895
     0.00334808       0.201995       0.374606       0.426895
     0.00334808       0.201995       0.374606       0.426895
     0.00334808       0.201995       0.374606       0.426895
      -0.164495       0.107423       -0.33412        0.46061
      -0.164495       0.107423       -0.33412        0.46061
      -0.164495       0.107423       -0.33412        0.46061
      -0.164495       0.107423       -0.33412        0.46061
      -0.622699       0.199417      -0.276062       0.241839
      -0.622699       0.199417      -0.276062       0.241839
      -0.622699       0.199417      -0.276062       0.241839
      -0.622699       0.199417      -0.276062       0.241839
      -0.622699       0.199417      -0.276062       0.241839
      -0.622699       0.199417      -0.276062       0.241839
       0.912443        1.06767       0.485402      0.0512042
       0.912443        1.06767       0.485402      0.0512042
       0.912443        1.06767       0.485402      0.0512042
       0.912443        1.06767       0.485402      0.0512042
       0.781002       0.213501       0.368322       0.168807
        1.20148       0.496869       0.426006       0.064806
        1.68416      -0.190002       0.382376      0.0309657
        1.68416      -0.190002       0.382376      0.0309657
        1.68416      -0.190002       0.382376      0.0309657
        1.68416      -0.190002       0.382376      0.0309657
        1.68416      -0.190002       0.382376      0.0309657
        1.68416      -0.190002       0.382376      0.0309657
        1.68416      -0.190002       0.382376      0.0309657
        1.68416      -0.190002       0.382376      0.0309657
        1.68416      -0.190002       0.382376      0.0309657
        1.68416      -0.190002       0.382376      0.0309657
        1.68416      -0.190002       0.382376      0.0309657
      0.0706069       -1.15254      -0.329981      0.0905499
      -0.534376       -0.76481       0.266586       0.143606
      -0.534376       -0.76481       0.266586       0.143606
      -0.534376       -0.76481       0.266586       0.143606
      -0.491231      -0.607726         1.4933      0.0343618
      -0.491231      -0.607726         1.4933      0.0343618
       0.295441      -0.545649        1.07135      0.0840683
       0.295441      -0.545649        1.07135      0.0840683
       0.295441      -0.545649        1.07135      0.0840683
       -0.28394       -1.00916        1.16586       0.043467
       -0.28394       -1.00916        1.16586       0.043467
       -0.28394       -1.00916        1.16586       0.043467
       -0.28394       -1.00916        1.16586       0.043467
       0.454618       0.583288         1.0161      0.0809882
       0.454618       0.583288         1.0161      0.0809882
      -0.387464       0.891392     -0.0469626       0.142817
      -0.333163       0.606388       0.854526       0.110912
      -0.333163       0.606388       0.854526       0.110912
     -0.0723989       0.273213       0.340972       0.412395
      -0.196946      -0.546066      -0.530032         0.2076
      -0.196946      -0.546066      -0.530032         0.2076
      -0.196946      -0.546066      -0.530032         0.2076
      -0.196946      -0.546066      -0.530032         0.2076
      0.0676424      -0.730609      -0.310532       0.203217
      0.0676424      -0.730609      -0.310532       0.203217
       0.941832       -0.98716       0.141454      0.0643521
       0.508012      -0.311125       0.609363       0.181891
       0.508012      -0.311125       0.609363       0.181891
       0.508012      -0.311125       0.609363       0.181891
       0.673676       0.111848      -0.408658       0.203586
       0.673676       0.111848      -0.408658       0.203586
       0.729615      -0.465821      -0.752552       0.100858
       0.729615      -0.465821      -0.752552       0.100858
       0.729615      -0.465821      -0.752552       0.100858
       0.729615      -0.465821      -0.752552       0.100858
       0.402193       0.412619        -1.4895      0.0410023
      -0.508954      -0.923654       -1.76409      0.0163986
      -0.901109      -0.460149       -1.47317      0.0280341
       0.549855       0.671249       -1.03508      0.0671154
        2.01611       0.663004       -1.45339     0.00583109
        2.73336       0.463825       -2.16042    0.000885286
        1.11862        0.55534       -2.85837     0.00195261
        1.11862        0.55534       -2.85837     0.00195261
        1.11862        0.55534       -2.85837     0.00195261
        1.11862        0.55534       -2.85837     0.00195261
        1.11862        0.55534       -2.85837     0.00195261
       0.687811       0.441129       -4.00179    0.000283382
       0.687811       0.441129       -4.00179    0.000283382
       0.687811       0.441129       -4.00179    0.000283382
        1.38896       0.112817        -4.0675    0.000184256
        1.38896       0.112817        -4.0675    0.000184256
        1.38896       0.112817        -4.0675    0.000184256
        4.09647       0.976682       -3.18455    2.59428e-05
        3.47092       0.826703       -3.19489    6.91841e-05
        3.43856      -0.692084       -2.43676    0.000195143
        3.43856      -0.692084       -2.43676    0.000195143
        3.43856      -0.692084       -2.43676    0.000195143
        3.15308      -0.453992       -1.53153    0.000850856
        3.51312      -0.920015       -1.04838    0.000520989
         3.3981      -0.429055      -0.646296    0.000938667
        2.22455      -0.504481      0.0320601      0.0104357
         2.5974       0.241847       0.530235     0.00487345
         2.5974       0.241847       0.530235     0.00487345
         1.6918       0.102197     -0.0335925      0.0336943
         1.6918       0.102197     -0.0335925      0.0336943
        1.62952        -0.4977      -0.723741      0.0246658
        1.62952        -0.4977      -0.723741      0.0246658
        1.62952        -0.4977      -0.723741      0.0246658
        1.62952        -0.4977      -0.723741      0.0246658
        1.91663      -0.521015       -1.43913     0.00740557
        1.64429       -1.57342       -2.03971     0.00221567
        1.64429       -1.57342       -2.03971     0.00221567
        1.64429       -1.57342       -2.03971     0.00221567
        1.64429       -1.57342       -2.03971     0.00221567
        1.64429       -1.57342       -2.03971     0.00221567
     -0.0792854       -2.56124      -0.897849     0.00438124
       0.312957        -3.1921       0.850905     0.00131133
       0.312957        -3.1921       0.850905     0.00131133
       0.640831       -1.47608        2.09169       0.005102
      -0.285812       -1.82904        1.57368     0.00775478
      -0.863828       -1.41556        0.80801      0.0249874
       -1.05806      -0.862881      -0.109856      0.0646067
       -1.05806      -0.862881      -0.109856      0.0646067
      -0.551224      -0.938754      0.0725547       0.112806
      -0.551224      -0.938754      0.0725547       0.112806
      0.0950613      -0.660624      -0.506998       0.187062
      0.0950613      -0.660624      -0.506998       0.187062
      0.0950613      -0.660624      -0.506998       0.187062
      0.0950613      -0.660624      -0.506998       0.187062
      0.0950613      -0.660624      -0.506998       0.187062
      0.0950613      -0.660624      -0.506998       0.187062
      0.0950613      -0.660624      -0.506998       0.187062
      -0.504326       0.662819       0.541315       0.137154
      -0.504326       0.662819       0.541315       0.137154
      -0.504326       0.662819       0.541315       0.137154
      -0.504326       0.662819       0.541315       0.137154
      -0.504326       0.662819       0.541315       0.137154
        -1.0654       0.298035       0.475968       0.089933
      -0.649947      -0.688204      0.0564439       0.150083
      -0.159756      -0.715492       0.238647       0.213963
      -0.159756      -0.715492       0.238647       0.213963
      -0.159756      -0.715492       0.238647       0.213963
      -0.850554       0.159472       -0.11018       0.174694
      -0.850554       0.159472       -0.11018       0.174694
      -0.850554       0.159472       -0.11018       0.174694
      -0.850554       0.159472       -0.11018       0.174694
      -0.404863      -0.872655       0.355869       0.128552
      -0.461826        -0.7887      0.0970435       0.159103
      -0.461826        -0.7887      0.0970435       0.159103
       0.438106      -0.327239      -0.563576       0.207935
       0.438106      -0.327239      -0.563576       0.207935
       0.438106      -0.327239      -0.563576       0.207935
       0.438106      -0.327239      -0.563576       0.207935
       0.438106      -0.327239      -0.563576       0.207935
      -0.603167      -0.947957      -0.619927      0.0768032
      -0.603167      -0.947957      -0.619927      0.0768032
      -0.603167      -0.947957      -0.619927      0.0768032
      -0.603167      -0.947957      -0.619927      0.0768032
       -0.88032       0.452984       -1.40523      0.0321314
       -0.88032       0.452984       -1.40523      0.0321314
       -1.11795       0.264848      -0.489901      0.0822514
       -1.11795       0.264848      -0.489901      0.0822514
       -1.55649      -0.565965        1.20758       0.016583
       -1.55649      -0.565965        1.20758       0.016583
       -1.55649      -0.565965        1.20758       0.016583
       -1.14574      -0.432006        1.70837      0.0149396
       -0.53436       0.176429       0.518506       0.216453
      -0.954657       0.034178       0.428148       0.123236
      -0.954657       0.034178       0.428148       0.123236
      -0.954657       0.034178       0.428148       0.123236
      -0.954657       0.034178       0.428148       0.123236
      -0.954657       0.034178       0.428148       0.123236
      -0.954657       0.034178       0.428148       0.123236
      -0.954657       0.034178       0.428148       0.123236
        -1.1167       -0.98834      -0.165015      0.0497515
      -0.347588      -0.812645       -1.32068      0.0416564
      -0.347588      -0.812645       -1.32068      0.0416564
       0.546423      -0.642325       -1.06884      0.0656821
       0.546423      -0.642325       -1.06884      0.0656821
       0.546423      -0.642325       -1.06884      0.0656821
       0.982382       0.527998       -1.34862      0.0301951
       0.982382       0.527998       -1.34862      0.0301951
        1.13723        1.77209       0.337218      0.0140536
        1.62037       0.555677       0.457645      0.0288352
        1.05556       0.215588     -0.0756947       0.115324
        1.05556       0.215588     -0.0756947       0.115324
       0.729828      0.0159998       0.432932        0.18315
       0.729828      0.0159998       0.432932        0.18315
       0.729828      0.0159998       0.432932        0.18315
       0.729828      0.0159998       0.432932        0.18315
       0.729828      0.0159998       0.432932        0.18315
       0.729828      0.0159998       0.432932        0.18315
       0.729828      0.0159998       0.432932        0.18315
       0.729828      0.0159998       0.432932        0.18315
       0.729828      0.0159998       0.432932        0.18315
       0.916678      -0.876074       0.219252      0.0762593
       0.916678      -0.876074       0.219252      0.0762593
        1.10545      0.0193662      -0.535227      0.0857153
        1.08875       -0.35051       -1.00618      0.0475147
        1.08875       -0.35051       -1.00618      0.0475147
        1.08875       -0.35051       -1.00618      0.0475147
       0.439338        -1.1554      -0.237376      0.0806704
       0.439338        -1.1554      -0.237376      0.0806704
       0.439338        -1.1554      -0.237376      0.0806704
       0.439338        -1.1554      -0.237376      0.0806704
       0.480218       -1.30729       0.132198      0.0609363
       0.480218       -1.30729       0.132198      0.0609363
      -0.807288       -1.02882        0.46306      0.0623737
       -1.24929       0.498643       0.707992      0.0478276
       -1.32344        1.11054       0.700439      0.0240292
       -1.32344        1.11054       0.700439      0.0240292
      -0.469542        1.61712        0.84821      0.0230301
      -0.941128       0.811235        1.26312      0.0289086
       -2.04829        0.59263       0.667311      0.0114638
       -2.04829        0.59263       0.667311      0.0114638
       -2.18657     -0.0926985       -1.21403     0.00670155
       -1.52158      -0.258171       -1.62729      0.0112712
       -1.04336       0.631237       -1.38268      0.0250421
       -1.04336       0.631237       -1.38268      0.0250421
      -0.930605       0.935586       -1.91479     0.00955272
      -0.930605       0.935586       -1.91479     0.00955272
      -0.692949        1.57612       -1.24989       0.014191
      -0.692949        1.57612       -1.24989       0.014191
      -0.692949        1.57612       -1.24989       0.014191
       -0.52739        1.64394       -1.91418     0.00576767
      -0.742888         2.3502       -1.41338     0.00340473
      0.0566555         2.8607      -0.448639      0.0030505
       0.143068        4.06536        0.60965    0.000267443
      0.0517126        3.52507       0.995777    0.000657695
       -0.13895        3.08546       0.866126     0.00163605
       -0.13895        3.08546       0.866126     0.00163605
       -0.13895        3.08546       0.866126     0.00163605
       -0.13895        3.08546       0.866126     0.00163605
       -0.13895        3.08546       0.866126     0.00163605
     -0.0920018        3.39063        1.45114    0.000624525
      -0.119153        3.07424       0.805392     0.00172859
      -0.360175        2.93353       0.340028     0.00260556
      -0.360175        2.93353       0.340028     0.00260556
      -0.958295        2.34148         2.1885     0.00124277
      -0.958295        2.34148         2.1885     0.00124277
      -0.965747        1.76693        2.48921     0.00165591
      -0.881362        1.58044        2.33192     0.00273023
        -1.0338     -0.0597518         2.6179     0.00358667
        -1.0338     -0.0597518         2.6179     0.00358667
       0.237182      -0.270122        2.97162     0.00251225
       0.478685      -0.997137        2.15427     0.00788124
        1.60191      -0.589739        2.05229      0.0048014
        1.70303       -0.81575        1.51427     0.00789937
        1.54337       0.535749        1.41823      0.0132092
        1.54337       0.535749        1.41823      0.0132092
        1.54337       0.535749        1.41823      0.0132092
        2.38994      -0.673726         1.5017     0.00301627
        2.94517       -1.11055       0.870858     0.00145655
        2.94517       -1.11055       0.870858     0.00145655
        2.94517       -1.11055       0.870858     0.00145655
        2.94517       -1.11055       0.870858     0.00145655
        2.94517       -1.11055       0.870858     0.00145655
        1.59431      -0.872017        1.19566      0.0128996
        1.52232      -0.247563         1.7301     0.00970117
        2.10955       -0.51547        1.07646     0.00784754
       0.537839       -1.68717       0.601729      0.0237417
      -0.713828       -1.43367       0.141929       0.040129
      -0.129299      -0.562568       0.320214        0.26708
      -0.129299      -0.562568       0.320214        0.26708
      -0.454649      -0.741822         1.5117      0.0305494
      -0.454649      -0.741822         1.5117      0.0305494
      -0.454649      -0.741822         1.5117      0.0305494
     -0.0340914      -0.771186        1.98379      0.0141595
      -0.464426       -1.23032        1.14419       0.030614
      -0.337751       -1.35516       0.959367      0.0337506
      -0.261658       -1.20326       0.452203      0.0725433
      -0.261658       -1.20326       0.452203      0.0725433
      -0.261658       -1.20326       0.452203      0.0725433
      -0.181898       -1.46187      -0.616735      0.0410049
      -0.181898       -1.46187      -0.616735      0.0410049
       -1.03514       -1.94039       0.913289     0.00854293
       -1.03514       -1.94039       0.913289     0.00854293
       -1.03514       -1.94039       0.913289     0.00854293
       -2.03618        -2.0891      0.0609695     0.00292115
       -2.03618        -2.0891      0.0609695     0.00292115
       -2.95252       -2.72257      -0.807801    0.000276515
        -3.5872        -2.1765     -0.0905845    0.000226299
        -3.5872        -2.1765     -0.0905845    0.000226299
        -3.5872        -2.1765     -0.0905845    0.000226299
       -4.17448       -1.72627        1.02595    9.47053e-05
       -3.08021       -1.60341      -0.489639    0.000899382
       -2.81508    -0.00991956      -0.585209     0.00318099
       -3.11528       0.169156      -0.562272     0.00176383
        -3.8508         1.3192       0.147089    0.000289803
       -3.51692        1.52045     -0.0918051    0.000468849
       -1.98239       0.700016      -0.241237      0.0145191
       -2.22673      -0.156532       -1.17149     0.00646139
       -2.07457      -0.286251       0.200702      0.0148815
       -2.07457      -0.286251       0.200702      0.0148815
       -1.44348       -1.31278       0.627777      0.0165837
       -1.44348       -1.31278       0.627777      0.0165837
       -1.44348       -1.31278       0.627777      0.0165837
      -0.921514       -0.61714       0.134137       0.107065
       0.287144      -0.156093      -0.340167       0.389278
       0.287144      -0.156093      -0.340167       0.389278
       0.287144      -0.156093      -0.340167       0.389278
       0.287144      -0.156093      -0.340167       0.389278
       0.287144      -0.156093      -0.340167       0.389278
       0.287144      -0.156093      -0.340167       0.389278
       0.287144      -0.156093      -0.340167       0.389278
       0.287144      -0.156093      -0.340167       0.389278
       0.287144      -0.156093      -0.340167       0.389278
       0.287144      -0.156093      -0.340167       0.389278
       0.287144      -0.156093      -0.340167       0.389278
       0.979829      -0.788634      -0.234111      0.0774004
       0.979829      -0.788634      -0.234111      0.0774004
       0.979829      -0.788634      -0.234111      0.0774004
       0.979829      -0.788634      -0.234111      0.0774004
       0.272441       -1.47378       0.277893      0.0474256
       0.272441       -1.47378       0.277893      0.0474256
       0.272441       -1.47378       0.277893      0.0474256
       0.272441       -1.47378       0.277893      0.0474256
       0.272441       -1.47378       0.277893      0.0474256
       0.272441       -1.47378       0.277893      0.0474256
       0.272441       -1.47378       0.277893      0.0474256
       0.272441       -1.47378       0.277893      0.0474256
       0.272441       -1.47378       0.277893      0.0474256
       -1.50913      -0.351426       0.521648      0.0380098
       -1.01226        1.00271      -0.339601      0.0534261
       -1.55594        1.18618      -0.836766      0.0141806
       -1.55594        1.18618      -0.836766      0.0141806
      -0.686185       0.690115        1.18089       0.046866
      -0.686185       0.690115        1.18089       0.046866
      -0.859869       0.649939       0.923185      0.0585218
      -0.859869       0.649939       0.923185      0.0585218
      -0.859869       0.649939       0.923185      0.0585218
      -0.859869       0.649939       0.923185      0.0585218
      -0.859869       0.649939       0.923185      0.0585218
        -2.0937       0.103286        0.88547      0.0105547
       -1.83382      -0.425496       0.783049      0.0169447
       -1.83382      -0.425496       0.783049      0.0169447
       -1.83382      -0.425496       0.783049      0.0169447
       -2.44633       0.396147        1.78647     0.00222061
       -2.44633       0.396147        1.78647     0.00222061
       -2.28438       0.282465        2.13215     0.00188257
       -2.70211       0.396334         1.6866     0.00162917
        -2.2554       0.562696       0.312261     0.00917907
        -2.2554       0.562696       0.312261     0.00917907
        -2.2554       0.562696       0.312261     0.00917907
       -1.28276       0.847514       0.802205      0.0311699
       -1.28276       0.847514       0.802205      0.0311699
       -1.28276       0.847514       0.802205      0.0311699
       0.210903      0.0732998      -0.523736       0.320239
       0.418561       0.463108      0.0959074       0.282774
       0.418561       0.463108      0.0959074       0.282774
       0.418561       0.463108      0.0959074       0.282774
       0.418561       0.463108      0.0959074       0.282774
       0.418561       0.463108      0.0959074       0.282774
        0.27612    -0.00390243        1.08292       0.106977
       0.175546      -0.255543       0.877011       0.155611
       0.175546      -0.255543       0.877011       0.155611
       0.264549      -0.795206       0.503868       0.141461
       0.264549      -0.795206       0.503868       0.141461
       0.756316      -0.209902       0.900005      0.0917789
       0.756316      -0.209902       0.900005      0.0917789
       0.101072       0.412266        1.56444      0.0390856
     -0.0553676       0.316454         1.9542      0.0190469
       -1.03447       0.850655        0.98361      0.0360306
       -1.03447       0.850655        0.98361      0.0360306
       -1.30475       0.323489       0.496273      0.0569333
      -0.518949       0.829737       0.456246       0.115375
       -1.06969        1.46402      -0.240628      0.0257803
     -0.0404628        1.65722      -0.157002      0.0357834
     -0.0404628        1.65722      -0.157002      0.0357834
     -0.0404628        1.65722      -0.157002      0.0357834
      -0.645351        2.41939      0.0554611     0.00667631
      -0.987975        2.13104        1.11693       0.005506
      -0.987975        2.13104        1.11693       0.005506
      -0.560001        1.81172       0.853183      0.0156267
       -1.24992         1.0852        1.21861      0.0163921
      -0.714085        1.02165        1.25808       0.028955
       -1.16787        1.30749        1.00906      0.0174999
      -0.880266        1.63358        1.56714     0.00776803
      -0.880266        1.63358        1.56714     0.00776803
      -0.880266        1.63358        1.56714     0.00776803
       -0.53417        1.47371       0.819844      0.0290722
      -0.956787        1.51867        0.19946      0.0269986
      -0.956787        1.51867        0.19946      0.0269986
       -1.32901      -0.135276       0.990718      0.0359253
       -1.10251       -0.22559        0.48424      0.0862735
       -1.10251       -0.22559        0.48424      0.0862735
       -1.05966      -0.816319       0.482233      0.0582041
        -1.1012      -0.963484     0.00094728      0.0535904
        -1.1012      -0.963484     0.00094728      0.0535904
        -1.1012      -0.963484     0.00094728      0.0535904
        -1.1012      -0.963484     0.00094728      0.0535904
        -1.1012      -0.963484     0.00094728      0.0535904
        -1.1012      -0.963484     0.00094728      0.0535904
      -0.433375       -0.61577       0.820118       0.107881
      -0.433375       -0.61577       0.820118       0.107881
      -0.686088      -0.710427       0.428266       0.116137
      -0.686088      -0.710427       0.428266       0.116137
      -0.686088      -0.710427       0.428266       0.116137
      -0.686088      -0.710427       0.428266       0.116137
      -0.686088      -0.710427       0.428266       0.116137
      -0.164966      -0.790299       0.335644       0.174009
      -0.164966      -0.790299       0.335644       0.174009
       0.766194       -0.39108       0.522712       0.133563
       0.766194       -0.39108       0.522712       0.133563
        0.40639      -0.849579      0.0730625       0.151192
        0.47536       0.135401      -0.532185       0.233958
        0.47536       0.135401      -0.532185       0.233958
       0.942101        1.17331       -1.27952      0.0192473
        1.47157        1.83855       -1.12882     0.00539095
        1.08189        2.76134       -0.67073     0.00228534
        1.08189        2.76134       -0.67073     0.00228534
        2.37522        1.14577      -0.498698     0.00466472
        2.37522        1.14577      -0.498698     0.00466472
        2.37522        1.14577      -0.498698     0.00466472
        2.37522        1.14577      -0.498698     0.00466472
        2.37522        1.14577      -0.498698     0.00466472
        2.37522        1.14577      -0.498698     0.00466472
        1.92326        1.43786       -1.06802     0.00521481
        1.92326        1.43786       -1.06802     0.00521481
        3.34287        1.21278       0.821205    0.000676003
        3.29228       0.670158       0.541733     0.00110669
        2.49668     0.00260382      -0.179428     0.00669603
        2.49668     0.00260382      -0.179428     0.00669603
        2.60655      -0.201389    -0.00517021     0.00536081
        2.60655      -0.201389    -0.00517021     0.00536081
        2.77258      -0.382907      -0.511321     0.00337811
        1.57759        -2.2823       -1.07507     0.00260338
        1.57759        -2.2823       -1.07507     0.00260338
        1.57759        -2.2823       -1.07507     0.00260338
        1.29738       -1.77136       -1.72638     0.00374941
        1.74204       -1.23934       -2.00662     0.00283931
        1.74204       -1.23934       -2.00662     0.00283931
        1.74204       -1.23934       -2.00662     0.00283931
     -0.0628691       -1.41071       -1.78974      0.0104675
     -0.0628691       -1.41071       -1.78974      0.0104675
     -0.0628691       -1.41071       -1.78974      0.0104675
     -0.0628691       -1.41071       -1.78974      0.0104675
     -0.0628691       -1.41071       -1.78974      0.0104675
      0.0056631       -1.51169      -0.615077      0.0382322
     -0.0299253      -0.713941       -1.19322      0.0619371
       -1.01082      -0.988363      -0.887062      0.0355094
       -1.01082      -0.988363      -0.887062      0.0355094
       -1.01082      -0.988363      -0.887062      0.0355094
       -1.01082      -0.988363      -0.887062      0.0355094
       -1.01082      -0.988363      -0.887062      0.0355094
       -1.01082      -0.988363      -0.887062      0.0355094
       -1.01082      -0.988363      -0.887062      0.0355094
       -1.01082      -0.988363      -0.887062      0.0355094
       -1.01082      -0.988363      -0.887062      0.0355094
       -1.01082      -0.988363      -0.887062      0.0355094
       0.405503      -0.558278      0.0598176       0.250277
       -1.39022      -0.917174         1.3989      0.0129055
       -1.39022      -0.917174         1.3989      0.0129055
      -0.836181      -0.488262        1.64635      0.0219283
      -0.836181      -0.488262        1.64635      0.0219283
      -0.836181      -0.488262        1.64635      0.0219283
      -0.836181      -0.488262        1.64635      0.0219283
      -0.842868      -0.692943        1.89798      0.0125435
      -0.842868      -0.692943        1.89798      0.0125435
        1.37771      -0.906695        1.10176       0.018932
        1.81169      -0.858516        1.41612     0.00737962
        1.81169      -0.858516        1.41612     0.00737962
        2.37239      -0.767093      -0.033501      0.0068255
        2.37239      -0.767093      -0.033501      0.0068255
        2.52232      -0.865922       -0.98058     0.00340412
        2.52232      -0.865922       -0.98058     0.00340412
        1.33029      -0.224279       -1.82835      0.0106268
        1.50912      -0.558432       -1.58346       0.010942
        1.50912      -0.558432       -1.58346       0.010942
        1.50912      -0.558432       -1.58346       0.010942
       0.933741       0.291487       -1.98069      0.0120567
       0.869219       0.662874       -1.05233      0.0480893
       0.168949        1.46816       0.697039      0.0380841
       0.658967        1.73003         2.4082     0.00229946
        1.12244       0.785325        1.88373     0.00948209
       0.708838      -0.782977        1.59201      0.0219059
       0.708838      -0.782977        1.59201      0.0219059
       0.572443      -0.517077        0.72843       0.119798
       0.720466       0.046848       0.499959       0.172667
       0.292804      -0.166588      0.0959875       0.496303
       0.292804      -0.166588      0.0959875       0.496303
       0.292804      -0.166588      0.0959875       0.496303
      -0.530774       0.258906       -1.35908      0.0516288
      -0.533292       0.480884       -1.03048      0.0811058
      -0.533292       0.480884       -1.03048      0.0811058
      -0.533292       0.480884       -1.03048      0.0811058
      -0.533292       0.480884       -1.03048      0.0811058
      -0.533292       0.480884       -1.03048      0.0811058
      -0.533292       0.480884       -1.03048      0.0811058
       0.397048      0.0952554      -0.197546        0.40366
      -0.607129       0.262255       0.145135        0.25816
       -0.84331       0.476718      -0.463069       0.116784
       -0.84331       0.476718      -0.463069       0.116784
       -0.84331       0.476718      -0.463069       0.116784
       -0.84331       0.476718      -0.463069       0.116784
     -0.0840222      -0.123291      -0.508812       0.346293
       0.403159       -1.35017      -0.455594       0.051726
       0.403159       -1.35017      -0.455594       0.051726
       0.403159       -1.35017      -0.455594       0.051726
       0.403159       -1.35017      -0.455594       0.051726
      -0.939701      -0.645305      -0.664181       0.071459
      -0.939701      -0.645305      -0.664181       0.071459
       0.422234      -0.667288      -0.942261      0.0855385
        1.74296        0.60626      -0.753256      0.0185663
        1.74296        0.60626      -0.753256      0.0185663
        1.74296        0.60626      -0.753256      0.0185663
        1.45147       0.702143       -0.41646      0.0357719
        1.45147       0.702143       -0.41646      0.0357719
        1.45147       0.702143       -0.41646      0.0357719
        1.78307      -0.122081      -0.118219      0.0278117
        1.78307      -0.122081      -0.118219      0.0278117
        1.78307      -0.122081      -0.118219      0.0278117
        1.46165       0.750554      -0.335539      0.0349441
      -0.517224        0.11506       -1.24565      0.0667149
      -0.517224        0.11506       -1.24565      0.0667149
     -0.0972261       0.369828        -1.2669      0.0708844
       0.609758       0.971724      -0.173583      0.0982242
        1.41785      -0.345288      -0.301566      0.0507807
       0.575634      0.0481432      -0.604681       0.187778
       0.392432       0.153432       0.224087       0.385012
     -0.0961306        0.88721       0.105304       0.165764
      -0.303065        1.35082       0.407123      0.0557962
      -0.303065        1.35082       0.407123      0.0557962
      -0.303065        1.35082       0.407123      0.0557962
      -0.303065        1.35082       0.407123      0.0557962
       0.399942        1.46213       0.633672      0.0374061
     -0.0941043         1.5688         1.0047      0.0239778
     -0.0822912        1.40546      -0.566057      0.0480842
      -0.442071        1.48232       -1.70906     0.00994936
        -1.1955        1.40885       -1.54229     0.00811845
      -0.768345      -0.530176        -1.1441      0.0521702
      -0.768345      -0.530176        -1.1441      0.0521702
      -0.768345      -0.530176        -1.1441      0.0521702
      -0.639743      -0.307693       -1.12878       0.069467
       -0.12652      -0.301252      -0.641877       0.236807
       -0.12652      -0.301252      -0.641877       0.236807
      0.0148228        0.53478      -0.157127       0.327861
      0.0148228        0.53478      -0.157127       0.327861
      0.0148228        0.53478      -0.157127       0.327861
      0.0148228        0.53478      -0.157127       0.327861
      0.0148228        0.53478      -0.157127       0.327861
        0.26421      0.0520726       0.140875       0.544532
        0.26421      0.0520726       0.140875       0.544532
        0.26421      0.0520726       0.140875       0.544532
        0.26421      0.0520726       0.140875       0.544532
        0.26421      0.0520726       0.140875       0.544532
        0.26421      0.0520726       0.140875       0.544532
      0.0876805      -0.287783        0.21626       0.476631
       0.904628      -0.169302      0.0413666       0.158417
       0.904628      -0.169302      0.0413666       0.158417
       0.904628      -0.169302      0.0413666       0.158417
       0.894625      -0.717481      -0.690402      0.0687586
      -0.352792       0.914117      -0.561782       0.104464
      -0.352792       0.914117      -0.561782       0.104464
      -0.352792       0.914117      -0.561782       0.104464
        0.90494      0.0225045       0.388324       0.139458
       0.855688        0.22232       0.251105       0.159114
       0.855688        0.22232       0.251105       0.159114
       0.855688        0.22232       0.251105       0.159114
       0.855688        0.22232       0.251105       0.159114
         1.0525       0.736476       0.871386      0.0448474
        1.41504        1.60974        1.39207     0.00602789
       0.206436       0.993014       0.902111      0.0662201
       0.206436       0.993014       0.902111      0.0662201
      -0.617663        2.16465        1.62979     0.00385565
      -0.969283         1.3155        1.20163       0.017308
       -1.06177       0.263335        1.04996      0.0481918
       -1.06177       0.263335        1.04996      0.0481918
       -1.06177       0.263335        1.04996      0.0481918
       -1.06177       0.263335        1.04996      0.0481918
       -1.27777      -0.708805       0.501974      0.0455001
       -1.27777      -0.708805       0.501974      0.0455001
      -0.966604      -0.392669       0.313634       0.113168
      -0.966604      -0.392669       0.313634       0.113168
      -0.837224      -0.704042       0.214272       0.107595
    -0.00401392      -0.912885       0.828012      0.0850142
       -0.24451      -0.194412        0.63503       0.242827
      -0.638399      -0.658031    -0.00401382       0.159828
       0.788037       0.957539     0.00888456      0.0837188
       0.206816      -0.635552        1.26838      0.0568466
       0.206816      -0.635552        1.26838      0.0568466
       -1.19188       0.344057       0.721619       0.056681
       -1.19188       0.344057       0.721619       0.056681
       0.394664        1.50109      -0.196136      0.0437662
       0.394664        1.50109      -0.196136      0.0437662
       0.394664        1.50109      -0.196136      0.0437662
       0.394664        1.50109      -0.196136      0.0437662
       0.394664        1.50109      -0.196136      0.0437662
       0.394664        1.50109      -0.196136      0.0437662
       0.394664        1.50109      -0.196136      0.0437662
       0.394664        1.50109      -0.196136      0.0437662
       0.394664        1.50109      -0.196136      0.0437662
      -0.212112        1.67968       0.605416      0.0274327
        1.10354       0.137436       0.252798       0.102194
        1.10354       0.137436       0.252798       0.102194
        1.10354       0.137436       0.252798       0.102194
        0.41285      -0.276005       0.459797       0.258316
        0.41285      -0.276005       0.459797       0.258316
        0.41285      -0.276005       0.459797       0.258316
        0.41285      -0.276005       0.459797       0.258316
        0.41285      -0.276005       0.459797       0.258316
        0.41285      -0.276005       0.459797       0.258316
        0.41285      -0.276005       0.459797       0.258316
       0.320626       -0.50433      -0.323806       0.256812
       0.798984        0.61941      -0.463855       0.108111
       0.798984        0.61941      -0.463855       0.108111
       0.798984        0.61941      -0.463855       0.108111
       0.634839       0.907565       0.660677      0.0758275
       0.181619       0.372379       0.799723       0.165077
       0.181619       0.372379       0.799723       0.165077
      -0.138253      -0.909951       0.205871       0.151636
      0.0713958      -0.937231       0.013729       0.152576
       -0.36479      -0.993984       0.263917       0.112769
      -0.279032      -0.364397       -1.03039       0.104772
      -0.475213       0.885778       -0.45358       0.110185
      -0.475213       0.885778       -0.45358       0.110185
      -0.639593       0.331642       0.510173       0.171083
      -0.540237       0.673589       0.235743       0.166936
      -0.433376      -0.210203       0.988509       0.110889
      -0.433376      -0.210203       0.988509       0.110889
      -0.433376      -0.210203       0.988509       0.110889
      -0.433376      -0.210203       0.988509       0.110889
      -0.433376      -0.210203       0.988509       0.110889
      -0.433376      -0.210203       0.988509       0.110889
       0.190095     -0.0655959       0.803101       0.190941
       0.805246       0.127313       0.591689       0.133364
       0.805246       0.127313       0.591689       0.133364
       0.805246       0.127313       0.591689       0.133364
      -0.524657       0.441407        1.39436      0.0447069
       -1.18528       0.128227        1.10478      0.0387441
       -1.18528       0.128227        1.10478      0.0387441
       -1.18528       0.128227        1.10478      0.0387441
        -1.1338       0.340325       0.931441       0.049165
        -1.1338       0.340325       0.931441       0.049165
        -1.1338       0.340325       0.931441       0.049165
       -1.89536       0.560591        1.08529       0.011001
      -0.217542        1.35591       0.265516      0.0609707
      -0.217542        1.35591       0.265516      0.0609707
      -0.217542        1.35591       0.265516      0.0609707
      -0.217542        1.35591       0.265516      0.0609707
       0.162307        1.09004       -0.28044       0.102864
       0.273974       0.551623      -0.514998       0.200748
       0.273974       0.551623      -0.514998       0.200748
        1.26835     -0.0764291      -0.314688      0.0729424
        1.08806       0.363667      -0.650414      0.0715361
       0.999188      -0.123327      -0.686981      0.0873664
       0.999188      -0.123327      -0.686981      0.0873664
       0.999188      -0.123327      -0.686981      0.0873664
        2.39052       0.165942       -1.35968     0.00404489
         2.5332        0.15659       -2.98561    0.000394765
        2.28493      -0.162441       -3.50614    0.000230276
       0.890007        1.19207        -3.3409     0.00066594
       0.890007        1.19207        -3.3409     0.00066594
       0.890007        1.19207        -3.3409     0.00066594
       0.645707         2.1768       -3.41606     0.00027366
        1.22972        2.33137       -3.12469    0.000281363
        1.22972        2.33137       -3.12469    0.000281363
        2.44618        1.83507       -3.35729    0.000113644
        3.61361       0.669971       -3.57731    3.50924e-05
        4.48935        1.55795       -3.32737    9.14575e-06
        4.47716       0.995811       -3.44183    1.04521e-05
        3.73984         1.2623       -4.51497    6.18043e-06
        3.34173        0.55988       -3.18939      9.083e-05
        2.29591        1.74317       -3.79234    7.28462e-05
         2.2266        2.01982       -2.42086    0.000444044
         2.2266        2.01982       -2.42086    0.000444044
       0.900897        2.70206       -2.20849    0.000740357
       0.900897        2.70206       -2.20849    0.000740357
       0.900897        2.70206       -2.20849    0.000740357
       0.900897        2.70206       -2.20849    0.000740357
       0.900897        2.70206       -2.20849    0.000740357
        1.49925        1.90487      -0.707803     0.00640513
        2.04441        2.79473       -1.86945    0.000381964
        2.04441        2.79473       -1.86945    0.000381964
        2.04441        2.79473       -1.86945    0.000381964
        2.04441        2.79473       -1.86945    0.000381964
        2.04441        2.79473       -1.86945    0.000381964
        2.04441        2.79473       -1.86945    0.000381964
        1.63323        2.02749        -2.2447     0.00103317
        1.63323        2.02749        -2.2447     0.00103317
        2.48808        3.26245       -1.81421    0.000126877
        2.48808        3.26245       -1.81421    0.000126877
        2.12848        2.99123       -2.45062    0.000146571
        1.81134        3.38403       -2.47199    0.000108267
        1.81134        3.38403       -2.47199    0.000108267
        1.81134        3.38403       -2.47199    0.000108267
        3.06954         2.5709       -2.13156    0.000114839
        2.19353        3.26227       -0.67071    0.000343638
        1.74047        3.36791      -0.476149    0.000480028
        1.10228        2.27937       -1.32536     0.00329407
        1.10228        2.27937       -1.32536     0.00329407
        1.10228        2.27937       -1.32536     0.00329407
        1.55957        1.44447       0.556656       0.012341
        1.55957        1.44447       0.556656       0.012341
        1.55957        1.44447       0.556656       0.012341
        1.11717        1.68517     -0.0211284      0.0175287
        1.11717        1.68517     -0.0211284      0.0175287
      -0.161704       0.852232      -0.272724       0.162253
      -0.161704       0.852232      -0.272724       0.162253
      -0.161704       0.852232      -0.272724       0.162253
      -0.161704       0.852232      -0.272724       0.162253
      -0.161704       0.852232      -0.272724       0.162253
      -0.161704       0.852232      -0.272724       0.162253
      -0.594665       0.896892      -0.392344       0.101182
      -0.719673       0.183876      -0.374775       0.189386
      -0.719673       0.183876      -0.374775       0.189386
      -0.719673       0.183876      -0.374775       0.189386
      -0.719673       0.183876      -0.374775       0.189386
       0.386759      -0.729863      -0.522694       0.141567
        0.64226      -0.352054      -0.603018       0.149952
        0.64226      -0.352054      -0.603018       0.149952
        0.64226      -0.352054      -0.603018       0.149952
        0.64226      -0.352054      -0.603018       0.149952
        0.64226      -0.352054      -0.603018       0.149952
        0.64226      -0.352054      -0.603018       0.149952
        0.64226      -0.352054      -0.603018       0.149952
        1.08501       0.111869      -0.293798       0.104425
     -0.0630334      0.0887171        -1.0955       0.110606
      -0.667627      -0.936708       -1.20005      0.0359861
      -0.667627      -0.936708       -1.20005      0.0359861
      -0.667627      -0.936708       -1.20005      0.0359861
      -0.290809      0.0505838       -1.21152      0.0825854
      -0.290809      0.0505838       -1.21152      0.0825854
      -0.290809      0.0505838       -1.21152      0.0825854
        1.03312     -0.0547673      -0.828176      0.0706205
        1.03312     -0.0547673      -0.828176      0.0706205
        1.03312     -0.0547673      -0.828176      0.0706205
        1.03312     -0.0547673      -0.828176      0.0706205
        1.40841       0.393713       0.287542      0.0507513
       0.927568      -0.156392         0.7488      0.0903003
        1.08797      -0.123662        1.60034      0.0206886
       0.297141     -0.0163131       0.626115       0.249954
       0.297141     -0.0163131       0.626115       0.249954
       -0.72911      -0.160249       0.571388       0.152563
       -0.72911      -0.160249       0.571388       0.152563
       0.234686       0.284994       0.513245        0.28239
       0.234686       0.284994       0.513245        0.28239
       0.234686       0.284994       0.513245        0.28239
       0.234686       0.284994       0.513245        0.28239
       0.234686       0.284994       0.513245        0.28239
       0.234686       0.284994       0.513245        0.28239
       0.195375       0.157361      0.0979133       0.583568
       0.195375       0.157361      0.0979133       0.583568
       0.195375       0.157361      0.0979133       0.583568
       0.195375       0.157361      0.0979133       0.583568
       0.195375       0.157361      0.0979133       0.583568
       0.195375       0.157361      0.0979133       0.583568
       0.195375       0.157361      0.0979133       0.583568
       0.195375       0.157361      0.0979133       0.583568
       0.195375       0.157361      0.0979133       0.583568
       0.297677       0.284556        0.68032       0.203825
       0.297677       0.284556        0.68032       0.203825
      -0.467228      -0.341961       0.214515       0.290858
      -0.467228      -0.341961       0.214515       0.290858
      -0.467228      -0.341961       0.214515       0.290858
      -0.467228      -0.341961       0.214515       0.290858
      -0.467228      -0.341961       0.214515       0.290858
      -0.467228      -0.341961       0.214515       0.290858
          1.056       0.297262       0.160314       0.108892
          1.056       0.297262       0.160314       0.108892
       0.889164      -0.598733      0.0401452       0.117019
       0.889164      -0.598733      0.0401452       0.117019
