8.6409999999999997e+01
1.0228000000000004e+02
9.1679999999999978e+01
1.0068999999999998e+02
8.8620000000000019e+01
6.9630000000000024e+01
8.9359999999999985e+01
1.0421000000000001e+02
1.0373000000000000e+02
9.5069999999999965e+01
1.2418000000000004e+02
9.7560000000000016e+01
1.0316999999999997e+02
1.3181000000000000e+02
9.6770000000000010e+01
1.3212000000000000e+02
8.6450000000000031e+01
9.3660000000000025e+01
1.1194000000000003e+02
9.7009999999999991e+01
9.2379999999999995e+01
1.0885999999999997e+02
9.2959999999999980e+01
1.0559999999999998e+02
9.0930000000000035e+01
1.0010999999999996e+02
8.7959999999999994e+01
9.3560000000000002e+01
1.2782000000000001e+02
9.7320000000000022e+01
9.8709999999999994e+01
9.6759999999999991e+01
1.1999000000000001e+02
5.6229999999999976e+01
9.3019999999999968e+01
8.2529999999999973e+01
9.5329999999999998e+01
1.0017000000000003e+02
8.7199999999999974e+01
8.2880000000000010e+01
9.2980000000000018e+01
1.0258000000000000e+02
9.2120000000000019e+01
8.4019999999999996e+01
9.6429999999999993e+01
9.3199999999999974e+01
1.0172000000000000e+02
1.1620000000000006e+02
1.0417000000000003e+02
9.5169999999999987e+01
7.5249999999999986e+01
8.4740000000000038e+01
1.1639999999999996e+02
1.1215999999999997e+02
9.6649999999999977e+01
1.0435999999999996e+02
1.4342999999999998e+02
8.9169999999999973e+01
1.0000000000000000e+02
9.1590000000000032e+01
7.8810000000000016e+01
9.0720000000000013e+01
9.7750000000000000e+01
1.2461000000000001e+02
6.7529999999999987e+01
1.0540000000000002e+02
1.0045000000000000e+02
9.0519999999999996e+01
9.8160000000000011e+01
8.8420000000000030e+01
1.1100000000000000e+02
9.3440000000000026e+01
8.5810000000000031e+01
1.0249000000000005e+02
1.0345000000000000e+02
9.3010000000000005e+01
9.3710000000000036e+01
6.5710000000000036e+01
7.8200000000000003e+01
1.0724000000000002e+02
1.0783000000000004e+02
1.0050000000000001e+02
1.0687999999999997e+02
1.2506000000000003e+02
1.1103000000000000e+02
9.7969999999999970e+01
1.1510000000000004e+02
1.0157000000000005e+02
9.1320000000000022e+01
1.0295999999999999e+02
9.6439999999999955e+01
8.4400000000000006e+01
9.5109999999999971e+01
8.9869999999999976e+01
9.6169999999999973e+01
1.0346000000000001e+02
1.1588000000000000e+02
1.1745999999999995e+02
1.0567000000000002e+02
8.4490000000000009e+01
