           1   -0.214015           0
           2    -0.31592   0.0360287
           3   -0.382822   0.0400723
           4   -0.343286   0.0312198
           5   -0.346432   0.0256404
           6   -0.400491   0.0245903
           7   -0.417528   0.0238076
           8   -0.398233   0.0217156
           9   -0.366889   0.0193628
          10   -0.364558   0.0174555
          11   -0.304451   0.0164629
          12   -0.382152   0.0153018
          13   -0.381109    0.014276
          14   -0.429096   0.0141981
          15   -0.372493    0.013274
          16   -0.431788   0.0131552
          17   -0.407442   0.0126084
          18   -0.431285   0.0123861
          19   -0.499203   0.0134304
          20   -0.386565   0.0127651
          21   -0.460541   0.0127371
          22   -0.477503   0.0128667
          23   -0.424904   0.0124124
          24   -0.402951   0.0119096
          25   -0.430262   0.0115457
          26   -0.364882   0.0111448
          27   -0.380406   0.0107376
          28   -0.387918   0.0103542
          29   -0.347928   0.0100958
          30   -0.347857   0.0098477
          31   -0.439467  0.00967604
          32   -0.395197    0.009376
          33   -0.437201  0.00920677
          34   -0.451562  0.00911181
          35   -0.421615  0.00889096
          36   -0.431943  0.00871041
          37   -0.461715  0.00866607
          38   -0.524719  0.00907912
          39   -0.462486   0.0089908
          40   -0.407531  0.00876766
          41   -0.389729  0.00855801
          42   -0.489773  0.00861367
          43   -0.486953  0.00863327
          44   -0.430286  0.00845667
          45   -0.398979  0.00826989
          46   -0.420453  0.00809683
          47   -0.385961  0.00793516
          48   -0.403532  0.00776991
          49   -0.405507  0.00761135
          50    -0.35804  0.00751687
          51   -0.355599  0.00742933
          52   -0.265231  0.00774525
          53   -0.362923  0.00763144
          54   -0.394063  0.00749085
          55    -0.42809  0.00737247
          56   -0.422911  0.00725199
          57   -0.449437  0.00717524
          58   -0.458413  0.00711846
          59   -0.475924    0.007106
          60   -0.374528  0.00700414
          61   -0.372251  0.00690764
          62   -0.317251  0.00693227
          63   -0.400743  0.00682223
          64   -0.412086  0.00671772
          65   -0.417179  0.00661873
          66   -0.328853  0.00660982
          67   -0.370559  0.00652635
          68   -0.375761  0.00644022
          69   -0.372713  0.00635882
          70    -0.44662  0.00630367
          71    -0.51344  0.00641394
          72   -0.539023  0.00660249
          73   -0.428843  0.00652112
          74   -0.438603  0.00644982
          75   -0.469506  0.00642199
          76   -0.523892  0.00652446
          77   -0.533313  0.00664333
          78   -0.478284   0.0066182
          79   -0.420105  0.00653582
          80   -0.457339  0.00648143
          81   -0.480185  0.00645893
          82   -0.503524  0.00647807
          83    -0.48176  0.00645419
          84   -0.465458  0.00640758
          85   -0.384922  0.00634104
          86   -0.425568  0.00626894
          87   -0.405893  0.00619747
          88   -0.418777  0.00612736
          89    -0.43552  0.00606358
          90   -0.435366  0.00600104
          91   -0.416826  0.00593518
          92   -0.327628  0.00594421
          93   -0.381968   0.0058896
          94   -0.431203  0.00583028
          95   -0.446413  0.00577964
          96   -0.414209  0.00571945
          97   -0.475615  0.00569663
          98    -0.46642  0.00566375
          99   -0.444587  0.00561478
         100   -0.449525  0.00556947
         101   -0.441745  0.00552062
         102   -0.437445  0.00547078
         103   -0.417177   0.0054177
         104   -0.422828  0.00536606
         105   -0.390297  0.00532035
         106   -0.448911  0.00527959
         107   -0.468094  0.00525296
         108   -0.417651  0.00520434
         109   -0.355267  0.00518647
         110   -0.436825  0.00514292
         111   -0.402143  0.00509805
         112   -0.393597  0.00505633
         113   -0.435139  0.00501459
         114   -0.285705  0.00509845
         115   -0.392976  0.00505755
         116   -0.427308  0.00501519
         117   -0.392824  0.00497572
         118   -0.343152  0.00496987
         119   -0.337485  0.00496912
         120   -0.334617  0.00497044
         121   -0.308308  0.00500316
         122   -0.286621  0.00506573
         123    -0.31152  0.00508799
         124   -0.351027  0.00506887
         125    -0.32166  0.00507643
         126   -0.333234  0.00507114
         127       -0.35  0.00505164
         128   -0.355963  0.00502814
         129   -0.373566  0.00499585
         130   -0.410933  0.00495752
         131   -0.373379  0.00492623
         132   -0.337211  0.00491683
         133   -0.407584  0.00487987
         134   -0.407802  0.00484347
         135   -0.418183  0.00480843
         136   -0.370417  0.00478024
         137   -0.399906  0.00474554
         138   -0.416912  0.00471184
         139   -0.403671  0.00467796
         140    -0.37113  0.00465113
         141   -0.405476  0.00461814
         142   -0.413605  0.00458596
         143   -0.467845  0.00457445
         144   -0.384937  0.00454505
         145    -0.37883  0.00451755
         146   -0.312795  0.00453129
         147   -0.372699  0.00450584
         148   -0.382552  0.00447793
         149   -0.424773  0.00444989
         150   -0.449974  0.00443035
         151   -0.409357   0.0044011
         152   -0.412795  0.00437242
         153   -0.381049  0.00434671
         154   -0.389789  0.00431963
         155   -0.383388  0.00429402
         156   -0.382185  0.00426896
         157   -0.380811  0.00424449
         158   -0.395725    0.004218
         159   -0.399306   0.0041916
         160     -0.3996  0.00416551
         161   -0.393736  0.00414017
         162   -0.361192   0.0041232
         163   -0.401496  0.00409794
         164   -0.418246  0.00407386
         165   -0.423055  0.00405077
         166   -0.451053  0.00403613
         167   -0.470678  0.00403131
         168   -0.497956   0.0040451
         169   -0.359272  0.00403043
         170   -0.368338  0.00401257
         171   -0.377101  0.00399244
         172   -0.400521  0.00396931
         173    -0.39283  0.00394698
         174   -0.317643  0.00395595
         175   -0.372574   0.0039375
         176   -0.394481  0.00391551
         177   -0.491319   0.0039243
         178   -0.431396  0.00390514
         179   -0.389152  0.00388429
         180   -0.454124  0.00387244
         181   -0.464038   0.0038648
         182   -0.438489  0.00384788
         183    -0.46807  0.00384206
         184   -0.443774  0.00382673
         185    -0.47807  0.00382585
         186   -0.529693  0.00386232
         187   -0.446353  0.00384739
         188   -0.438948  0.00383063
         189   -0.424467  0.00381142
         190   -0.402441  0.00379146
         191   -0.508316   0.0038082
         192   -0.490231  0.00381238
         193   -0.480187  0.00381073
         194   -0.465471  0.00380227
         195   -0.495188  0.00380833
         196   -0.458525   0.0037971
         197   -0.481872  0.00379542
         198    -0.44161  0.00377958
         199   -0.486363  0.00377987
         200   -0.490505  0.00378199
         201   -0.454094  0.00376922
         202   -0.535571  0.00380044
         203   -0.490607  0.00380145
         204   -0.461233  0.00379038
         205   -0.463244  0.00377995
         206   -0.479095  0.00377528
         207   -0.416824  0.00375709
         208   -0.437802   0.0037409
         209   -0.430549  0.00372392
         210    -0.47858  0.00371913
         211   -0.469596  0.00371095
         212   -0.453838  0.00369822
         213   -0.450128  0.00368473
         214   -0.403861  0.00366783
         215   -0.368467  0.00365694
         216   -0.351881  0.00365129
         217   -0.336775  0.00365164
         218   -0.388088  0.00363673
         219    -0.38157  0.00362299
         220   -0.429657  0.00360731
         221   -0.367286  0.00359695
         222   -0.365038  0.00358722
         223   -0.399423  0.00357163
         224   -0.298036  0.00359217
         225   -0.269216  0.00363196
         226    -0.35882  0.00362337
         227   -0.393178  0.00360829
         228   -0.430566  0.00359346
         229   -0.410633  0.00357777
         230   -0.365182  0.00356783
         231   -0.373523  0.00355609
         232    -0.40243  0.00354095
         233   -0.399817  0.00352607
         234   -0.409197  0.00351101
         235   -0.404388  0.00349618
         236   -0.378056  0.00348412
         237   -0.325263  0.00348801
         238     -0.4824  0.00348648
         239   -0.468527   0.0034803
         240   -0.449667  0.00346955
         241   -0.434817  0.00345656
         242   -0.420288  0.00344248
         243   -0.430315  0.00342922
         244   -0.492355  0.00343124
         245   -0.442666  0.00341958
         246   -0.489057   0.0034201
         247    -0.45217  0.00341012
         248   -0.500682  0.00341499
         249   -0.471588   0.0034095
         250   -0.439484  0.00339753
         251   -0.377048  0.00338699
         252   -0.386658  0.00337514
         253   -0.398596  0.00336225
         254   -0.455771  0.00335331
         255   -0.349671  0.00334927
         256   -0.460947  0.00334153
         257   -0.459058   0.0033334
         258   -0.459362  0.00332534
         259   -0.427841  0.00331299
         260   -0.426462  0.00330065
         261   -0.461909  0.00329328
         262   -0.453615   0.0032843
         263   -0.401484  0.00327213
         264   -0.414612  0.00325974
         265   -0.328234  0.00326326
         266   -0.340798  0.00326231
         267    -0.47035  0.00325718
         268   -0.359135  0.00325124
         269   -0.331423  0.00325323
         270   -0.322054  0.00325841
         271   -0.379468  0.00324863
         272   -0.372814   0.0032399
         273   -0.430207  0.00322872
         274   -0.419935  0.00321707
         275   -0.355175  0.00321201
         276    -0.36468  0.00320492
         277   -0.351229  0.00320078
         278   -0.355003   0.0031957
         279   -0.388958  0.00318525
         280   -0.406066  0.00317393
         281   -0.428736  0.00316325
         282   -0.387734  0.00315313
         283   -0.344373   0.0031508
         284   -0.325187  0.00315414
         285   -0.393703  0.00314363
         286    -0.39762  0.00313296
         287    -0.44029  0.00312376
         288   -0.506476   0.0031306
         289   -0.512276  0.00313934
         290   -0.454057  0.00313197
         291   -0.441735  0.00312294
         292   -0.469121  0.00311846
         293   -0.471665  0.00311452
         294   -0.471329  0.00311047
         295   -0.481443  0.00310878
         296   -0.407813  0.00309831
         297   -0.389206  0.00308886
         298   -0.408252  0.00307853
         299   -0.385906  0.00306949
         300   -0.399009  0.00305958
         301   -0.449302   0.0030519
         302   -0.385896  0.00304305
         303   -0.377591  0.00303514
         304   -0.407624  0.00302519
         305   -0.476447  0.00302263
         306   -0.514172  0.00303105
         307   -0.481684  0.00302951
         308    -0.45584  0.00302289
         309   -0.482054  0.00302137
         310   -0.482478  0.00301988
         311   -0.502932  0.00302386
         312   -0.513962  0.00303119
         313   -0.537745  0.00304717
         314   -0.496518  0.00304866
         315   -0.466031  0.00304334
         316   -0.458178   0.0030368
         317   -0.412851  0.00302723
         318   -0.379907  0.00301971
         319   -0.301044  0.00303125
         320     -0.3042  0.00304132
         321   -0.347884  0.00303884
         322   -0.357456  0.00303447
         323   -0.368948  0.00302824
         324   -0.394926  0.00301945
         325   -0.453675  0.00301268
         326   -0.497204   0.0030143
         327   -0.477872  0.00301142
         328   -0.541601   0.0030272
         329   -0.576396  0.00305771
         330    -0.55047  0.00307586
         331   -0.455828  0.00306899
         332   -0.418495  0.00305975
         333   -0.433248  0.00305103
         334   -0.380528   0.0030437
         335   -0.414108  0.00303462
         336   -0.422988  0.00302567
         337   -0.436413  0.00301732
         338    -0.38168  0.00301007
         339   -0.416763  0.00300119
         340   -0.331249  0.00300258
         341   -0.274622  0.00302196
         342   -0.279925  0.00303877
         343   -0.329352  0.00304002
         344    -0.36435  0.00303464
         345   -0.327443  0.00303621
         346   -0.415596  0.00302744
         347   -0.438575  0.00301956
         348   -0.339984  0.00301834
         349   -0.371434  0.00301212
         350   -0.393748  0.00300404
         351   -0.380346  0.00299697
         352   -0.393541  0.00298898
         353    -0.39053  0.00298122
         354   -0.424634  0.00297297
         355   -0.452996  0.00296669
         356   -0.408406  0.00295839
         357   -0.467898  0.00295404
         358   -0.364918  0.00294891
         359   -0.323858  0.00295123
         360    -0.40801  0.00294307
         361   -0.401343   0.0029351
         362   -0.407477  0.00292703
         363   -0.389305  0.00291971
         364   -0.326911  0.00292126
         365   -0.435419  0.00291391
         366   -0.352395  0.00291063
         367     -0.3755  0.00290447
         368     -0.4501  0.00289836
         369   -0.437364  0.00289128
         370    -0.46079  0.00288637
         371   -0.401209  0.00287876
         372   -0.393706  0.00287149
         373   -0.358647  0.00286746
         374   -0.411486   0.0028598
         375     -0.3544  0.00285639
         376   -0.307165   0.0028625
         377   -0.328397  0.00286354
         378   -0.328541  0.00286446
         379   -0.352941  0.00286111
         380   -0.401389  0.00285371
         381   -0.473723  0.00285087
         382   -0.463943  0.00284668
         383    -0.54537  0.00286049
         384    -0.52191  0.00286726
         385    -0.49151  0.00286714
         386   -0.496783  0.00286796
         387   -0.468558  0.00286414
         388    -0.46354  0.00285971
         389   -0.471398  0.00285626
         390   -0.358414  0.00285242
         391   -0.402565  0.00284525
         392   -0.383031  0.00283904
         393   -0.386289  0.00283263
         394   -0.386749  0.00282623
         395   -0.391247  0.00281962
         396   -0.394239  0.00281289
         397   -0.444852  0.00280696
         398   -0.441552  0.00280082
         399   -0.420191  0.00279386
         400   -0.409743  0.00278689
         401    -0.40611  0.00277999
         402   -0.498471  0.00278118
         403   -0.467502  0.00277754
         404   -0.379704  0.00277191
         405   -0.329653  0.00277276
         406   -0.425309  0.00276609
         407   -0.368373  0.00276148
         408   -0.354585  0.00275842
         409   -0.415371  0.00275169
         410   -0.375946  0.00274645
         411   -0.321853  0.00274867
         412   -0.355586  0.00274548
         413   -0.403923  0.00273891
         414   -0.416384  0.00273231
         415   -0.419958  0.00272578
         416   -0.338071  0.00272509
         417    -0.38936  0.00271911
         418   -0.367755  0.00271468
         419    -0.42533  0.00270839
         420   -0.409973  0.00270194
         421   -0.420763   0.0026956
         422   -0.444588  0.00269031
         423   -0.503871  0.00269266
         424   -0.475717  0.00269044
         425   -0.453195   0.0026858
         426   -0.428477  0.00267975
         427   -0.462765  0.00267604
         428   -0.440254  0.00267055
         429   -0.448713  0.00266563
         430   -0.428625  0.00265968
         431   -0.423443  0.00265362
         432   -0.417967   0.0026475
         433   -0.468971  0.00264453
         434   -0.429077  0.00263869
         435   -0.367518  0.00263472
         436   -0.364886    0.002631
         437   -0.343997  0.00262971
         438   -0.435109   0.0026242
         439   -0.415693  0.00261823
         440   -0.426331  0.00261246
         441   -0.519282  0.00261764
         442   -0.503497  0.00261967
         443   -0.453949  0.00261536
         444   -0.468685  0.00261242
         445   -0.439519   0.0026072
         446    -0.43601  0.00260184
         447   -0.504064  0.00260385
         448   -0.428836  0.00259825
         449   -0.435559  0.00259291
         450   -0.402012  0.00258729
         451     -0.4332   0.0025819
         452   -0.366113  0.00257836
         453   -0.344871  0.00257717
         454   -0.409074  0.00257152
         455   -0.419504   0.0025659
         456   -0.441695    0.002561
         457   -0.401418  0.00255554
         458   -0.363136  0.00255235
         459   -0.360688   0.0025494
         460   -0.372146  0.00254545
         461   -0.411639  0.00253993
         462    -0.37962  0.00253549
         463   -0.476488  0.00253367
         464   -0.405504  0.00252827
         465   -0.446188  0.00252381
         466   -0.381061  0.00251936
         467   -0.402847  0.00251407
         468   -0.391759  0.00250913
         469   -0.448723   0.0025049
         470   -0.485456  0.00250424
         471   -0.394948  0.00249924
         472   -0.394056  0.00249429
         473    -0.39612  0.00248929
         474   -0.400151   0.0024842
         475   -0.390627  0.00247944
         476    -0.35444  0.00247733
         477    -0.46213  0.00247425
         478   -0.425508   0.0024692
         479   -0.403347  0.00246414
         480   -0.390397  0.00245947
         481   -0.368991  0.00245609
         482   -0.305765  0.00246111
         483   -0.315303  0.00246433
         484   -0.343861  0.00246337
         485   -0.393567  0.00245861
         486   -0.434034  0.00245394
         487     -0.4536  0.00245033
         488   -0.502837  0.00245224
         489   -0.485078  0.00245165
         490   -0.470151   0.0024494
         491   -0.459825  0.00244624
         492   -0.448449  0.00244231
         493   -0.411893  0.00243736
         494   -0.496163  0.00243816
         495   -0.584562  0.00245757
         496   -0.539646  0.00246564
         497   -0.507277  0.00246778
         498   -0.488019  0.00246725
         499   -0.426324  0.00246242
         500   -0.342193  0.00246174
         501    -0.36389   0.0024589
         502   -0.391463  0.00245442
         503   -0.359654  0.00245194
         504   -0.374918  0.00244832
         505   -0.347413  0.00244703
         506   -0.385271  0.00244285
         507   -0.460079  0.00243973
         508   -0.463688  0.00243688
         509   -0.458439  0.00243365
         510   -0.456424  0.00243029
         511   -0.475041  0.00242844
         512   -0.453353  0.00242489
         513   -0.403206  0.00242026
         514   -0.458251  0.00241705
         515   -0.457252  0.00241378
         516   -0.396454  0.00240936
         517   -0.340195  0.00240899
         518   -0.372176  0.00240572
         519   -0.434299  0.00240139
         520    -0.37934  0.00239772
         521   -0.337328  0.00239767
         522   -0.307699  0.00240174
         523   -0.344589  0.00240081
         524   -0.380718  0.00239706
         525   -0.381523  0.00239328
         526   -0.409365  0.00238875
         527   -0.404098  0.00238428
         528   -0.367454  0.00238137
         529   -0.348429  0.00238006
         530   -0.398733  0.00237573
         531   -0.440642  0.00237181
         532   -0.435339   0.0023677
         533   -0.426701  0.00236339
         534   -0.420558    0.002359
         535   -0.451383  0.00235565
         536   -0.415926  0.00235126
         537   -0.460238  0.00234848
         538   -0.372262  0.00234538
         539   -0.388989  0.00234148
         540   -0.390178  0.00233754
         541   -0.359152  0.00233538
         542   -0.355863  0.00233349
         543   -0.356149  0.00233158
         544   -0.379039  0.00232814
         545   -0.403018  0.00232394
         546    -0.42534  0.00231979
         547   -0.429952  0.00231575
         548   -0.392488  0.00231184
         549   -0.408707  0.00230764
         550   -0.365828  0.00230505
         551   -0.379447  0.00230168
         552   -0.399425  0.00229764
         553   -0.354945  0.00229588
         554   -0.358696  0.00229382
         555   -0.405161  0.00228973
         556   -0.451638  0.00228668
         557   -0.454358  0.00228379
         558   -0.438959  0.00228017
         559   -0.475797  0.00227886
         560   -0.432803  0.00227506
         561   -0.482441  0.00227435
         562      -0.425   0.0022704
         563    -0.47926  0.00226939
         564   -0.472267  0.00226777
         565   -0.449112  0.00226463
         566   -0.444039  0.00226127
         567   -0.444847  0.00225795
         568   -0.433569  0.00225425
         569   -0.500524  0.00225544
         570   -0.493865  0.00225585
         571   -0.449158  0.00225273
         572   -0.447241  0.00224954
         573   -0.395022  0.00224586
         574   -0.401872  0.00224205
         575   -0.389521  0.00223856
         576   -0.412415  0.00223467
         577   -0.370506  0.00223207
         578   -0.322025  0.00223387
         579   -0.359281    0.002232
         580    -0.32319   0.0022336
         581   -0.372163  0.00223089
         582   -0.405737  0.00222709
         583   -0.355501  0.00222549
         584   -0.399166  0.00222181
         585   -0.385557  0.00221852
         586   -0.403787   0.0022148
         587   -0.444386  0.00221166
         588    -0.46194  0.00220944
         589   -0.413914  0.00220569
         590   -0.436169  0.00220229
         591   -0.445563  0.00219923
         592   -0.456087  0.00219669
         593   -0.401377  0.00219309
         594   -0.458726  0.00219071
         595   -0.419927  0.00218706
         596   -0.439025   0.0021838
         597   -0.487767  0.00218367
         598    -0.41532  0.00218002
         599   -0.399932   0.0021765
         600   -0.401329  0.00217297
         601   -0.419187  0.00216937
         602   -0.411033  0.00216578
         603   -0.441687  0.00216268
         604   -0.511499  0.00216514
         605   -0.568417  0.00217656
         606   -0.598383  0.00219407
         607   -0.589746  0.00220936
         608   -0.486024  0.00220883
         609   -0.498743  0.00220949
         610   -0.447762  0.00220651
         611   -0.437252   0.0022032
         612   -0.426577  0.00219968
         613   -0.423549  0.00219613
         614   -0.439418  0.00219291
         615   -0.453577  0.00219023
         616   -0.394181  0.00218694
         617   -0.440912  0.00218379
         618   -0.454345  0.00218117
         619   -0.461488  0.00217892
         620   -0.470857  0.00217724
         621   -0.479944   0.0021762
         622   -0.440727  0.00217308
         623   -0.439685  0.00216993
         624   -0.424454   0.0021665
         625    -0.45651  0.00216401
         626   -0.373747   0.0021616
         627   -0.342372  0.00216132
         628   -0.346927  0.00216064
         629   -0.347389  0.00215992
         630   -0.350211  0.00215897
         631   -0.300201  0.00216324
         632   -0.324351  0.00216457
         633   -0.392412  0.00216145
         634   -0.422553  0.00215807
         635   -0.468945  0.00215635
         636   -0.472296  0.00215484
         637   -0.365902  0.00215284
         638   -0.379038   0.0021502
         639   -0.405297  0.00214689
         640   -0.421434  0.00214356
         641   -0.385432  0.00214071
         642   -0.398997  0.00213752
         643   -0.403278  0.00213428
         644    -0.41244  0.00213096
         645   -0.395315  0.00212788
         646    -0.36926  0.00212575
         647   -0.364501  0.00212389
         648   -0.357901  0.00212242
         649   -0.335576  0.00212264
         650   -0.375761  0.00212021
         651   -0.335285  0.00212044
         652   -0.386179  0.00211763
         653   -0.377142  0.00211515
         654   -0.361404  0.00211345
         655   -0.385467  0.00211068
         656    -0.37751   0.0021082
         657   -0.346286  0.00210751
         658   -0.352646  0.00210636
         659   -0.335364  0.00210653
         660   -0.399552  0.00210345
         661   -0.391756  0.00210053
         662   -0.446231  0.00209793
         663   -0.453626  0.00209563
         664   -0.514828  0.00209799
         665   -0.501427  0.00209896
         666   -0.416178  0.00209581
         667   -0.420397  0.00209269
         668   -0.346646  0.00209199
         669   -0.424494  0.00208892
         670   -0.429215  0.00208593
         671   -0.408867  0.00208283
         672   -0.389363  0.00208006
         673   -0.456007   0.0020779
         674   -0.447257  0.00207541
         675   -0.433035  0.00207252
         676   -0.454208   0.0020703
         677    -0.38399  0.00206773
         678   -0.362908  0.00206606
         679   -0.422621  0.00206305
         680   -0.428131  0.00206012
         681   -0.477413  0.00205919
         682   -0.495753  0.00205965
         683   -0.503772  0.00206079
         684   -0.516768  0.00206321
         685   -0.510121   0.0020649
         686   -0.463098   0.0020631
         687    -0.46917  0.00206161
         688    -0.45628   0.0020595
         689   -0.401905  0.00205659
         690   -0.436229  0.00205384
         691    -0.43684  0.00205112
         692   -0.469481  0.00204966
         693   -0.424254  0.00204675
         694    -0.42573  0.00204386
         695   -0.432363  0.00204107
         696   -0.414543  0.00203814
         697   -0.481482  0.00203744
         698   -0.475006  0.00203632
         699   -0.489361  0.00203616
         700   -0.460444  0.00203427
         701   -0.369762  0.00203241
         702   -0.457446   0.0020304
         703    -0.43831  0.00202777
         704   -0.456006  0.00202571
         705   -0.505896  0.00202689
         706   -0.434387  0.00202419
         707   -0.448243  0.00202185
         708   -0.421162  0.00201901
         709   -0.424098   0.0020162
         710   -0.417109  0.00201336
         711   -0.343309   0.0020131
         712   -0.454515  0.00201101
         713   -0.505771  0.00201216
         714   -0.517002  0.00201432
         715   -0.521323  0.00201689
         716   -0.490336  0.00201673
         717   -0.472842  0.00201546
         718    -0.45195  0.00201327
         719   -0.434626  0.00201063
         720   -0.407581  0.00200787
         721   -0.421745   0.0020051
         722   -0.428584  0.00200239
         723   -0.425394  0.00199966
         724   -0.459458  0.00199779
         725   -0.390051  0.00199536
         726     -0.4035  0.00199269
         727   -0.405527  0.00199001
         728   -0.393452  0.00198752
         729   -0.338213  0.00198769
         730   -0.452963   0.0019856
         731   -0.473003   0.0019844
         732   -0.485374  0.00198392
         733   -0.461663  0.00198218
         734   -0.503709  0.00198303
         735   -0.391104  0.00198064
         736    -0.41795  0.00197795
         737   -0.439534  0.00197551
         738    -0.38622  0.00197326
         739   -0.361705  0.00197199
         740   -0.338328  0.00197215
         741   -0.332363  0.00197275
         742   -0.412972   0.0019701
         743   -0.383515  0.00196794
         744   -0.339124  0.00196803
         745   -0.329644  0.00196881
         746   -0.392918  0.00196642
         747   -0.367732  0.00196485
         748   -0.386291  0.00196262
         749    -0.37982  0.00196059
         750    -0.36586  0.00195911
         751   -0.433541  0.00195664
         752   -0.417828  0.00195404
         753   -0.411863  0.00195146
         754   -0.379849  0.00194945
         755   -0.411991  0.00194688
         756   -0.470107  0.00194563
         757   -0.419941  0.00194306
         758   -0.375243  0.00194124
         759   -0.353523  0.00194041
         760   -0.342979  0.00194022
         761    -0.32536  0.00194129
         762   -0.379994   0.0019393
         763   -0.359688  0.00193814
         764   -0.358297  0.00193704
         765   -0.388672  0.00193482
         766   -0.398434  0.00193242
         767   -0.353006   0.0019316
         768   -0.414357  0.00192909
         769    -0.46279  0.00192757
         770   -0.427903  0.00192514
         771   -0.444941  0.00192303
         772   -0.448606  0.00192102
         773   -0.503475  0.00192192
         774   -0.431669  0.00191955
         775   -0.389424  0.00191737
         776   -0.402444  0.00191497
         777   -0.432192  0.00191263
         778    -0.43087  0.00191027
         779   -0.398102  0.00190795
         780   -0.422424  0.00190552
         781   -0.455158  0.00190376
         782   -0.434089  0.00190148
         783   -0.396375  0.00189921
         784   -0.341247  0.00189914
         785    -0.41708  0.00189673
         786    -0.39316  0.00189452
         787   -0.430186  0.00189221
         788   -0.405567  0.00188985
         789   -0.390678  0.00188771
         790   -0.408971  0.00188534
         791   -0.453561  0.00188358
         792     -0.3595  0.00188252
         793   -0.353959  0.00188173
         794   -0.411141  0.00187937
         795   -0.465118  0.00187806
         796   -0.490865  0.00187809
         797   -0.425048  0.00187578
         798   -0.434437  0.00187358
         799    -0.49945  0.00187418
         800   -0.475071  0.00187332
         801   -0.419998  0.00187099
         802   -0.473299  0.00187003
         803   -0.437157   0.0018679
         804   -0.456817  0.00186627
         805   -0.418716  0.00186396
         806   -0.407578  0.00186167
         807   -0.453606  0.00185996
         808   -0.451347  0.00185818
         809   -0.435855  0.00185604
         810    -0.47502  0.00185519
         811   -0.424287  0.00185293
         812   -0.367376  0.00185161
         813   -0.416306  0.00184934
         814   -0.302078  0.00185234
         815   -0.335088  0.00185271
         816   -0.364427   0.0018515
         817   -0.365655  0.00185025
         818   -0.394617  0.00184816
         819   -0.416707  0.00184591
         820    -0.41357  0.00184366
         821   -0.449904  0.00184189
         822   -0.405898  0.00183968
         823    -0.46569  0.00183846
         824   -0.408256  0.00183625
         825   -0.448895  0.00183447
         826   -0.385662   0.0018326
         827   -0.330933  0.00183324
         828   -0.392897  0.00183123
         829   -0.385396  0.00182938
         830   -0.377462  0.00182775
         831   -0.412335  0.00182555
         832   -0.373442  0.00182406
         833   -0.382541  0.00182229
         834   -0.446804   0.0018205
         835   -0.411218  0.00181832
         836   -0.358683  0.00181741
         837   -0.287471  0.00182164
         838   -0.399577  0.00181956
         839   -0.439271  0.00181762
         840   -0.422904  0.00181548
         841   -0.412382  0.00181332
         842   -0.340246  0.00181335
         843   -0.374328  0.00181184
         844   -0.398084   0.0018098
         845   -0.434588  0.00180781
         846   -0.375779  0.00180627
         847   -0.316835  0.00180785
         848   -0.395195  0.00180586
         849   -0.314629  0.00180758
         850   -0.423729  0.00180549
         851   -0.458618  0.00180411
         852   -0.400826  0.00180206
         853   -0.523781  0.00180448
         854   -0.466793  0.00180339
         855   -0.457223  0.00180196
         856   -0.395218      0.0018
         857   -0.475118  0.00179927
         858   -0.442748  0.00179747
         859   -0.430191  0.00179546
         860   -0.427352  0.00179343
         861   -0.409142  0.00179136
         862   -0.391677  0.00178949
         863   -0.431572  0.00178751
         864   -0.415647  0.00178545
         865   -0.442284  0.00178366
         866    -0.42445  0.00178163
         867   -0.429248  0.00177965
         868    -0.41938  0.00177761
         869   -0.452634  0.00177609
         870   -0.463745  0.00177492
         871    -0.35882  0.00177407
         872   -0.374011  0.00177266
         873   -0.345712  0.00177241
         874   -0.355604  0.00177169
         875   -0.344481  0.00177149
         876   -0.393177  0.00176964
         877   -0.393429  0.00176779
         878    -0.41588  0.00176578
         879    -0.43104  0.00176387
         880   -0.344121  0.00176369
         881   -0.385362  0.00176201
         882   -0.369836  0.00176074
         883   -0.367869  0.00175955
         884   -0.411432  0.00175756
         885   -0.345045  0.00175733
         886   -0.380164  0.00175578
         887   -0.383821  0.00175414
         888   -0.340129  0.00175416
         889   -0.409883   0.0017522
         890   -0.466496  0.00175121
         891   -0.415832  0.00174924
         892   -0.379429  0.00174772
         893   -0.459429  0.00174649
         894   -0.505625  0.00174751
         895   -0.479204  0.00174705
         896   -0.491596  0.00174721
         897   -0.521892  0.00174934
         898   -0.547971  0.00175367
         899   -0.538386  0.00175708
         900   -0.519997  0.00175899
         901   -0.515689  0.00176056
         902   -0.580486   0.0017681
         903   -0.581532  0.00177568
         904   -0.593972  0.00178463
         905   -0.576638  0.00179147
         906   -0.550083  0.00179559
         907   -0.488157  0.00179536
         908   -0.526523  0.00179748
         909   -0.468827  0.00179642
         910   -0.424172  0.00179447
         911   -0.432396  0.00179258
         912   -0.416587  0.00179062
         913   -0.423622  0.00178867
         914   -0.407624  0.00178674
         915   -0.389189  0.00178504
         916   -0.392969  0.00178328
         917   -0.444131  0.00178159
         918   -0.543488  0.00178501
         919   -0.474512  0.00178418
         920   -0.505291  0.00178483
         921   -0.484673  0.00178442
         922   -0.497563  0.00178463
         923   -0.483505  0.00178415
         924   -0.418356  0.00178222
         925   -0.427792  0.00178033
         926   -0.386891   0.0017787
         927   -0.396631  0.00177692
         928   -0.408427  0.00177503
         929   -0.431579  0.00177319
         930   -0.421329  0.00177129
         931   -0.441814  0.00176959
         932    -0.42131  0.00176769
         933   -0.439433  0.00176596
         934   -0.399993  0.00176417
         935   -0.397873   0.0017624
         936   -0.360058  0.00176157
         937   -0.375615  0.00176024
         938   -0.439012  0.00175852
         939   -0.499159  0.00175883
         940    -0.46229  0.00175761
         941   -0.451891  0.00175614
         942    -0.43383  0.00175436
         943   -0.445159  0.00175275
         944   -0.373168  0.00175151
         945   -0.395557  0.00174981
         946    -0.34082  0.00174982
         947   -0.376918  0.00174848
         948   -0.309136  0.00175033
         949   -0.350906  0.00174987
         950   -0.384472  0.00174835
         951   -0.401356  0.00174659
         952   -0.372103  0.00174539
         953   -0.356167  0.00174471
         954   -0.359196  0.00174392
         955   -0.436372  0.00174222
         956   -0.387996  0.00174065
         957   -0.353221  0.00174009
         958   -0.325291  0.00174087
         959   -0.346458  0.00174058
         960   -0.329885   0.0017411
         961   -0.268043   0.0017461
         962    -0.30189  0.00174832
         963   -0.339989  0.00174828
         964   -0.394988   0.0017466
         965   -0.420923   0.0017448
         966   -0.340443  0.00174474
         967   -0.385295  0.00174322
         968   -0.424493  0.00174144
         969   -0.364417  0.00174045
         970   -0.406626  0.00173868
         971   -0.460415   0.0017375
         972   -0.442994  0.00173594
         973   -0.484027  0.00173557
         974   -0.470398  0.00173469
         975   -0.514635  0.00173587
         976   -0.460508  0.00173469
         977   -0.503382  0.00173521
         978   -0.454195  0.00173388
         979   -0.373058  0.00173266
         980   -0.418524   0.0017309
         981   -0.441209  0.00172932
         982   -0.466311  0.00172831
         983   -0.441236  0.00172674
         984    -0.43379  0.00172508
         985   -0.493721  0.00172512
         986   -0.411365  0.00172338
         987   -0.436031  0.00172175
         988   -0.319449   0.0017228
         989   -0.399663  0.00172114
         990   -0.354514  0.00172053
         991   -0.348273  0.00172015
         992    -0.33847   0.0017202
         993   -0.352146  0.00171967
         994   -0.346378  0.00171936
         995   -0.353131  0.00171879
         996   -0.396051  0.00171718
         997   -0.380586  0.00171582
         998    -0.34118  0.00171573
         999     -0.3465  0.00171541
        1000   -0.375534  0.00171416
