2.4529870751273108e-01,4.7996190121700111e-01
7.0459753608895426e-01,2.0056417380267222e-01
3.6692895647872348e-01,4.1354896437242389e-01
5.1059811728769944e-01,3.2138145962544490e-01
9.2065608487394002e-01,9.9368422973641707e-02
9.2065608487394002e-01,9.9368422973641707e-02
1.7316235231367969e+00,1.3458282036454940e-03
1.7316235231367969e+00,1.3458282036454940e-03
7.7389868630554304e-01,1.6340165105835275e-01
7.7389868630554304e-01,1.6340165105835275e-01
3.3236469997922313e-01,4.3403147413421955e-01
3.3236469997922313e-01,4.3403147413421955e-01
3.3236469997922313e-01,4.3403147413421955e-01
-2.0132165492582033e-01,4.9919101725770365e-01
-2.1486904881612645e-01,4.9359346045171015e-01
-2.5659322005883212e-01,4.7455118275338237e-01
-2.5659322005883212e-01,4.7455118275338237e-01
-3.1300005164851541e-01,4.4501659581542341e-01
-7.9381094429535892e-02,5.3456157438197272e-01
8.1555470730101831e-02,5.3418757989510446e-01
8.1555470730101831e-02,5.3418757989510446e-01
9.4528638407789600e-01,9.0641933148491186e-02
1.4533895788897695e+00,7.9198091162417765e-03
5.0195753638595164e-01,3.2705452608460733e-01
2.4065898675269182e-01,4.8213113641225602e-01
2.4065898675269182e-01,4.8213113641225602e-01
-5.6291204842542442e-01,2.8723758384347758e-01
-2.0263828370816839e-01,4.9866029483812463e-01
-4.8099985800291734e-02,5.3884201634503759e-01
6.3190971789646966e-01,2.4357620658746662e-01
6.3190971789646966e-01,2.4357620658746662e-01
1.1634375103627050e+00,3.6121055821643835e-02
2.1039714653853423e+00,7.7355607130962686e-05
2.1039714653853423e+00,7.7355607130962686e-05
2.1039714653853423e+00,7.7355607130962686e-05
1.1398562462383452e+00,4.0265906402626409e-02
4.0746395029830040e-01,3.8838452726763528e-01
8.3430953087751192e-01,1.3454582582631877e-01
8.3430953087751192e-01,1.3454582582631877e-01
6.3235306355910836e-01,2.4330330800893776e-01
1.3508347689090527e-01,5.2194099685241035e-01
1.3508347689090527e-01,5.2194099685241035e-01
1.3508347689090527e-01,5.2194099685241035e-01
1.3508347689090527e-01,5.2194099685241035e-01
2.3212771929300402e-01,4.8603618894286960e-01
-2.4981634169363076e-01,4.7781958831704763e-01
5.5470677906876631e-01,2.9255433748906540e-01
-1.7350784598507829e-01,5.0970885739853067e-01
4.8989758033316377e-01,3.3497314407440482e-01
9.8743824176685280e-01,7.7013526672349342e-02
1.2656628380409884e+00,2.1982458642934296e-02
5.8385851250848475e-01,2.7376446361130807e-01
5.8385851250848475e-01,2.7376446361130807e-01
5.8385851250848475e-01,2.7376446361130807e-01
2.7031650856465461e-01,4.6773767277146916e-01
2.7031650856465461e-01,4.6773767277146916e-01
3.2324424713183930e-01,4.3925317421960003e-01
4.7528962283588783e-01,3.4455343557611995e-01
1.1826990278602167e+00,3.2999607224211427e-02
1.1826990278602167e+00,3.2999607224211427e-02
7.4258810721963897e-01,1.7967963258061409e-01
7.4258810721963897e-01,1.7967963258061409e-01
1.5064350309948722e+00,5.7855106890146203e-03
2.0702842329278965e+00,1.0247832459645867e-04
2.0702842329278965e+00,1.0247832459645867e-04
2.5475060731413848e+00,1.2488592488240504e-06
2.0683731562279277e+00,1.0411227584750171e-04
2.0683731562279277e+00,1.0411227584750171e-04
1.2445967745739352e+00,2.4434776343075754e-02
1.4204039726576241e+00,9.5730776665876073e-03
1.4204039726576241e+00,9.5730776665876073e-03
1.1036754614427338e+00,4.7363438515027494e-02
1.6237640004031206e+00,2.7754990867042721e-03
1.8493834544191259e+00,5.7903712583224623e-04
1.8419555365387978e+00,6.1167709572835691e-04
1.8419555365387978e+00,6.1167709572835691e-04
9.5509406062543434e-01,8.7325307395471521e-02
1.1073027469984709e-01,5.2822760063357266e-01
9.6157078811780394e-01,8.5183936640708877e-02
1.5476861479803503e+00,4.4968844601215125e-03
1.2403536826509551e+00,2.4955522090236187e-02
1.8764593452618925e+00,4.7324137753612438e-04
1.8764593452618925e+00,4.7324137753612438e-04
9.7477630757676792e-01,8.0937070108261511e-02
1.3061836065191557e-01,5.2318091803029132e-01
9.3537110620282959e-01,9.4086204151493033e-02
1.2891224199333635e+00,1.9499257988079000e-02
1.5813865289793014e+00,3.6418177250916728e-03
1.0989079884646031e+00,4.8368661090713472e-02
2.1907831015323609e-01,4.9179355665602148e-01
2.1907831015323609e-01,4.9179355665602148e-01
2.1907831015323609e-01,4.9179355665602148e-01
8.6700865916675696e-01,1.2037857998689067e-01
8.6700865916675696e-01,1.2037857998689067e-01
1.6505575714693279e+00,2.3288371054928734e-03
1.6505575714693279e+00,2.3288371054928734e-03
1.1474547072917574e+00,3.8890306507389498e-02
1.6640731253187795e+00,2.1292523469597681e-03
1.6556918862034138e+00,2.2510986727167386e-03
1.6556918862034138e+00,2.2510986727167386e-03
9.5196497981797989e-01,8.8373751295311581e-02
1.5393393851283790e+00,4.7346989973274800e-03
1.5393393851283790e+00,4.7346989973274800e-03
1.5393393851283790e+00,4.7346989973274800e-03
1.5393393851283790e+00,4.7346989973274800e-03
5.3946955290542320e-01,3.0247385472611277e-01
8.5250464396061432e-01,1.2653529791594106e-01
4.4523230838325389e-01,3.6415733863651439e-01
6.9381345189474075e-01,2.0670557298702263e-01
9.5584588879247434e-01,8.7074747274497349e-02
9.5584588879247434e-01,8.7074747274497349e-02
7.7191255341791276e-01,1.6440808493567474e-01
1.2003466032411652e+00,3.0337534379205649e-02
1.2003466032411652e+00,3.0337534379205649e-02
1.2003466032411652e+00,3.0337534379205649e-02
7.0489397678292676e-01,2.0039664009804281e-01
1.4206771468333912e+00,9.5582296707631513e-03
1.4206771468333912e+00,9.5582296707631513e-03
7.2007911006060965e-01,1.9190909389533425e-01
7.9748517024245302e-01,1.5172724173323196e-01
3.7550940022118340e-01,4.0831340163343760e-01
1.2661819968808175e-01,5.2425872009865604e-01
-5.4381160253530680e-01,2.9964172830402636e-01
-5.4381160253530680e-01,2.9964172830402636e-01
-5.4381160253530680e-01,2.9964172830402636e-01
-5.4381160253530680e-01,2.9964172830402636e-01
-5.4381160253530680e-01,2.9964172830402636e-01
-6.0505845726950724e-01,2.6030607929283900e-01
-3.9850748646895084e-01,3.9403242645491965e-01
-3.9850748646895084e-01,3.9403242645491965e-01
4.0901113930697619e-01,3.8740451903757572e-01
4.0901113930697619e-01,3.8740451903757572e-01
5.9741153567742344e-01,2.6513749863077113e-01
5.0721181593857523e-02,5.3856293654681531e-01
5.0721181593857523e-02,5.3856293654681531e-01
5.0721181593857523e-02,5.3856293654681531e-01
5.0721181593857523e-02,5.3856293654681531e-01
-2.5837615794284829e-01,4.7368055604943760e-01
-1.1317180626942474e+00,4.1782520960791505e-02
-1.0212379851953983e+00,6.7235110938801704e-02
-1.0678953317888542e+00,5.5326320891958207e-02
-1.0678953317888542e+00,5.5326320891958207e-02
-1.3202668065723344e-01,5.2279402419030641e-01
-2.0341371636629901e-01,4.9834637136572624e-01
4.3684577905180788e-01,3.6958515382976909e-01
4.3684577905180788e-01,3.6958515382976909e-01
4.3684577905180788e-01,3.6958515382976909e-01
1.2870708668228517e+00,1.9706466047553238e-02
1.5003579707959105e+00,6.0008525994453814e-03
1.0779102585196014e+00,5.2998763826851349e-02
1.8740655686728189e+00,4.8181557083921614e-04
1.8593027832110423e+00,5.3796378284912160e-04
2.3337401305102148e+00,1.0065552246318686e-05
2.0129259417591427e+00,1.6370454121446680e-04
2.0062647139165932e+00,1.7270910659328669e-04
2.0062647139165932e+00,1.7270910659328669e-04
2.1326619590190319e+00,6.0661598650455428e-05
2.4671524083207572e+00,2.7958129061791411e-06
1.7242559976298537e+00,1.4161361607594283e-03
1.7242559976298537e+00,1.4161361607594283e-03
1.8050231322043615e+00,8.0078132195619941e-04
2.1288165414748761e+00,6.2682680698037156e-05
2.1288165414748761e+00,6.2682680698037156e-05
1.3462155838980081e+00,1.4432128158490451e-02
3.7652429424435496e-01,4.0769059934726687e-01
3.7652429424435496e-01,4.0769059934726687e-01
1.0705126463866321e-01,5.2907473272938521e-01
-7.7480046051384477e-02,5.3488048265345944e-01
7.9672592721291124e-01,1.5209498605294433e-01
1.1177398183733942e+00,4.4494475568932317e-02
1.1177398183733942e+00,4.4494475568932317e-02
3.4813303156526842e-01,4.2481612352228920e-01
5.4957674185615701e-01,2.9588783589495332e-01
3.2722631760174892e-01,4.3698353377617655e-01
3.2722631760174892e-01,4.3698353377617655e-01
5.5634319757449191e-01,2.9149245821619990e-01
1.1521842990596269e+00,3.8053471756485914e-02
1.2465929095318486e+00,2.4192964697363494e-02
9.2458646387841270e-01,9.7937486446568703e-02
9.9386584844177150e-01,7.5076755036391329e-02
5.2669009073498074e-01,3.1082956415864882e-01
7.0890776928642651e-01,1.9813511350142482e-01
1.6211688760645870e+00,2.8226399250087819e-03
2.6163545998715421e+00,6.1335102923257762e-07
2.6163545998715421e+00,6.1335102923257762e-07
2.4242776956404839e+00,4.2527261651753340e-06
2.2008772388874220e+00,3.3585139010614127e-05
1.5400210575928881e+00,4.7148633063874455e-03
8.6661457778373574e-01,1.2054317496808457e-01
1.6167331722894716e+00,2.9048952738367413e-03
9.0317187059307003e-01,1.0591223552795015e-01
1.3300452748456806e+00,1.5736907879092307e-02
1.3300452748456806e+00,1.5736907879092307e-02
1.2423864509295157e+00,2.4704896261398906e-02
1.2423864509295157e+00,2.4704896261398906e-02
1.5126326346151586e+00,5.5730064474577906e-03
1.3289127836276720e+00,1.5831969267326135e-02
1.3289127836276720e+00,1.5831969267326135e-02
1.6611399195741612e+00,2.1711955820420859e-03
7.3058893603538877e-01,1.8614561675310753e-01
7.3058893603538877e-01,1.8614561675310753e-01
1.4307685083722532e+00,9.0236832292910699e-03
2.0517034516632577e+00,1.1944198973401566e-04
1.5835795162173127e+00,3.5916132389184202e-03
1.0868253077564347e+00,5.0992121527711459e-02
1.0868253077564347e+00,5.0992121527711459e-02
2.8915343508621305e-01,4.5798215572576345e-01
2.8915343508621305e-01,4.5798215572576345e-01
8.7693149492152855e-01,1.1628358971676962e-01
1.7253948469567035e+00,1.4050528030092929e-03
1.7253948469567035e+00,1.4050528030092929e-03
1.7253948469567035e+00,1.4050528030092929e-03
1.7253948469567035e+00,1.4050528030092929e-03
2.4698491737508803e+00,2.7223487995527248e-06
2.4698491737508803e+00,2.7223487995527248e-06
2.4698491737508803e+00,2.7223487995527248e-06
2.7663065629525789e+00,1.2207751326319055e-07
2.7663065629525789e+00,1.2207751326319055e-07
2.7663065629525789e+00,1.2207751326319055e-07
2.5495490251997452e+00,1.2231193688947073e-06
2.2159120913742996e+00,2.9408158201151025e-05
2.2159120913742996e+00,2.9408158201151025e-05
2.2159120913742996e+00,2.9408158201151025e-05
2.2361274321917080e+00,2.4563783263362652e-05
2.3675370941566243e+00,7.3253514602162618e-06
1.5992893834748827e+00,3.2498101391466123e-03
1.8498125524933045e+00,5.7720180863644194e-04
1.8498125524933045e+00,5.7720180863644194e-04
1.8498125524933045e+00,5.7720180863644194e-04
1.2347966005918636e+00,2.5651559024079684e-02
2.0782299384109493e+00,9.5940246488893742e-05
2.0782299384109493e+00,9.5940246488893742e-05
1.2721730539096683e+00,2.1267946538105018e-02
1.7114739825810545e+00,1.5461427083121114e-03
1.7316878316644164e+00,1.3452288502068584e-03
1.1730428009173295e+00,3.4535604781978708e-02
2.0080349997581450e+00,1.7027176845796081e-04
1.4116641568435426e+00,1.0058904445146788e-02
1.1004183946249100e+00,4.8048376813272536e-02
8.5064447215413708e-01,1.2733960900317709e-01
1.8224759408445692e+00,7.0554306353625242e-04
1.8224759408445692e+00,7.0554306353625242e-04
1.1893726036071754e+00,3.1971192394782751e-02
5.7254918927950627e-01,2.8101962080158938e-01
1.4993271584763121e+00,6.0380782078710169e-03
1.4993271584763121e+00,6.0380782078710169e-03
5.2704198538265956e-01,3.1059913674293227e-01
2.3246132378422146e-01,4.8588555177381976e-01
1.2233910840665629e-01,5.2537690810519178e-01
-1.8112622820774504e-01,5.0696208563632994e-01
-1.8112622820774504e-01,5.0696208563632994e-01
-1.8112622820774504e-01,5.0696208563632994e-01
8.1257481703338641e-01,1.4453099365982572e-01
1.7494293396284135e+00,1.1889179543258619e-03
1.7494293396284135e+00,1.1889179543258619e-03
1.2880722365557702e+00,1.9605094715633552e-02
5.1823347594184099e-01,3.1637169391852354e-01
-3.1892709850536249e-01,4.4169546516775809e-01
-3.7585285725822359e-01,4.0810271676009602e-01
-3.7585285725822359e-01,4.0810271676009602e-01
-6.2027339178990104e-01,2.5077885098247460e-01
1.5123099772834792e-01,5.1713709361250559e-01
1.5123099772834792e-01,5.1713709361250559e-01
-3.1074864684839554e-01,4.4626823592008114e-01
2.1354093000226726e-02,5.4084765782710631e-01
8.1081009171287377e-01,1.4536148360511231e-01
1.0868397055190044e+00,5.0988929937621892e-02
5.7811229894123528e-01,2.7744479590691495e-01
1.1276281170714455e+00,4.2561892014867833e-02
1.1147967190762600e+00,4.5083043056983081e-02
1.1120443497782020e+00,4.5639080060263182e-02
1.1120443497782020e+00,4.5639080060263182e-02
1.9276827406390282e+00,3.2050036716765428e-04
1.4927147090038346e+00,6.2817916548488497e-03
1.4313352091338558e+00,8.9944586152215841e-03
1.7024548495566378e+00,1.6443490811244637e-03
1.7267804129626185e+00,1.3916755473160920e-03
1.7267804129626185e+00,1.3916755473160920e-03
1.7544257650944317e+00,1.1480101159339012e-03
1.3420389036128242e+00,1.4759881674116302e-02
6.5879326563540985e-01,2.2724585803183103e-01
6.5879326563540985e-01,2.2724585803183103e-01
6.5879326563540985e-01,2.2724585803183103e-01
6.5879326563540985e-01,2.2724585803183103e-01
6.4861180950647679e-01,2.3337697888313927e-01
1.0255350606344393e+00,6.6062767903178818e-02
2.9205207535515143e-01,4.5644162223493873e-01
2.9205207535515143e-01,4.5644162223493873e-01
4.9810374664740209e-01,3.2958522015055619e-01
7.5856872184138524e-01,1.7126235638115250e-01
7.6734576019601519e-01,1.6673581416788871e-01
7.6734576019601519e-01,1.6673581416788871e-01
1.3117636619559718e+00,1.7332820283488457e-02
1.3686670730634276e+00,1.2775771508563519e-02
1.1994494355723688e+00,3.0468450643386383e-02
1.3107944706675028e+00,1.7421156378200551e-02
1.3040145894435469e+00,1.8049925207451033e-02
6.3199791397240546e-01,2.4352190893586509e-01
2.6001589560130611e-01,4.7287595767599566e-01
6.5234102076433231e-01,2.3112345970747833e-01
1.5064966889819971e+00,5.7833615245485546e-03
9.5378411827909559e-01,8.7763118657226635e-02
5.7563993062438357e-01,2.7903214232272933e-01
1.1504126768047129e+00,3.8365207193290549e-02
1.3772278335771517e+00,1.2189033193972245e-02
6.8218575550491067e-01,2.1342699493079795e-01
1.0877419848162688e+00,5.0789233291364720e-02
1.1771861821241174e+00,3.3869504096175632e-02
1.1525459075356750e+00,3.7990096302797628e-02
9.3687035271046426e-01,9.3559493169112898e-02
9.3687035271046426e-01,9.3559493169112898e-02
9.3687035271046426e-01,9.3559493169112898e-02
1.1373118463413476e+00,4.0735223826514400e-02
8.1535838636954594e-01,1.4322703715537921e-01
8.1535838636954594e-01,1.4322703715537921e-01
1.1032758935832305e+00,4.7447044921316635e-02
1.3134621191909872e+00,1.7178939106709201e-02
1.3134621191909872e+00,1.7178939106709201e-02
4.6570115227012820e-01,3.5082745228001416e-01
6.2530417991148113e-01,2.4765558363884521e-01
9.1494882075240724e-01,1.0147241122155717e-01
4.8784115746267531e-01,3.3632287978071312e-01
-2.2612613667102011e-01,4.8871699554878451e-01
-2.2612613667102011e-01,4.8871699554878451e-01
4.0383537926908986e-01,3.9067796941625882e-01
1.2202449393254682e+00,2.7551423837439803e-02
9.1731202153687263e-01,1.0059745412027543e-01
9.1731202153687263e-01,1.0059745412027543e-01
3.5360707243345502e-01,4.2156489041371403e-01
-2.9286342860730485e-01,4.5600859794117032e-01
-3.1122980383290866e-01,4.4600120709805646e-01
-3.1122980383290866e-01,4.4600120709805646e-01
2.6373172625341113e-01,4.7103895294347597e-01
4.0473035396901480e-01,3.9011295338477298e-01
-5.1820860388833268e-01,3.1638800547827989e-01
3.7887002262181113e-01,4.0624834184329972e-01
1.0623613974685355e+00,5.6646271134518346e-02
1.6995918923870335e-01,5.1095288689121643e-01
2.2006342555414449e-01,4.9136823569318078e-01
2.2006342555414449e-01,4.9136823569318078e-01
2.2006342555414449e-01,4.9136823569318078e-01
2.2006342555414449e-01,4.9136823569318078e-01
4.8188011680370835e-01,3.4023370399025205e-01
4.8188011680370835e-01,3.4023370399025205e-01
3.5591794013259204e-01,4.2018474343463091e-01
-4.7241429029705273e-01,3.4643635314420518e-01
-5.7295203990823751e-01,2.8076037851240426e-01
-3.0813560397261597e-01,4.4771395681016701e-01
-3.0813560397261597e-01,4.4771395681016701e-01
5.5745957787257794e-01,2.9076845936709872e-01
5.5745957787257794e-01,2.9076845936709872e-01
5.5745957787257794e-01,2.9076845936709872e-01
-1.8011048942490504e-02,5.4099002702067667e-01
-1.8011048942490504e-02,5.4099002702067667e-01
-1.8011048942490504e-02,5.4099002702067667e-01
-1.8011048942490504e-02,5.4099002702067667e-01
2.9672452038042252e-02,5.4038871937370470e-01
2.9672452038042252e-02,5.4038871937370470e-01
5.2206108715267874e-02,5.3839833429911077e-01
8.1050442666288802e-02,5.3427532265569955e-01
5.9249937418433518e-01,2.6825516165541757e-01
1.1866099781312869e+00,3.2393674093261965e-02
7.9671602826020660e-01,1.5209978424072759e-01
5.5295407141704800e-01,2.9369247893978762e-01
5.5295407141704800e-01,2.9369247893978762e-01
5.5295407141704800e-01,2.9369247893978762e-01
5.5295407141704800e-01,2.9369247893978762e-01
9.0441970348844336e-01,1.0543552619469228e-01
4.4982614094785589e-01,3.6117497129616050e-01
4.2211109928041424e-01,3.7905983925298253e-01
4.2211109928041424e-01,3.7905983925298253e-01
9.0425955383117440e-01,1.0549662466547359e-01
-4.0130387754473418e-03,5.4132369719211770e-01
-4.0130387754473418e-03,5.4132369719211770e-01
2.1727206419132727e-01,4.9256938815655477e-01
3.0906802153056390e-01,4.4719894210292077e-01
3.0906802153056390e-01,4.4719894210292077e-01
-7.9301181942383892e-02,5.3457513177885363e-01
2.5993279643570588e-01,4.7291682283070513e-01
2.5993279643570588e-01,4.7291682283070513e-01
1.1633360268657142e+00,3.6138118316185554e-02
1.1633360268657142e+00,3.6138118316185554e-02
1.3108463631448117e+00,1.7416416955000038e-02
1.7288779050146772e+00,1.3716467416319195e-03
1.5914993438486604e+00,3.4154502091042877e-03
1.7768111580503927e+00,9.8013384252016822e-04
1.7607204478908542e+00,1.0983144087448494e-03
2.5888896835927895e+00,8.1636422573111073e-07
1.7033757311894746e+00,1.6340668000266820e-03
1.4474322550814804e+00,8.1983209737182591e-03
2.0832662776861781e+00,9.2001800875882975e-05
2.4307117854992271e+00,3.9951668807727105e-06
2.4307117854992271e+00,3.9951668807727105e-06
2.7430013925285124e+00,1.5781870211680854e-07
2.7430013925285124e+00,1.5781870211680854e-07
2.8847368650599208e+00,3.2013146187451300e-08
2.8847368650599208e+00,3.2013146187451300e-08
2.5813185993842040e+00,8.8284422994418463e-07
2.5813185993842040e+00,8.8284422994418463e-07
2.5813185993842040e+00,8.8284422994418463e-07
3.2196576098517014e+00,5.3642417946636139e-10
3.3554857734835082e+00,8.9904313817486660e-11
3.3554857734835082e+00,8.9904313817486660e-11
3.3554857734835082e+00,8.9904313817486660e-11
3.3554857734835082e+00,8.9904313817486660e-11
3.3554857734835082e+00,8.9904313817486660e-11
3.3554857734835082e+00,8.9904313817486660e-11
2.3856829562641977e+00,6.1646945123924287e-06
2.3856829562641977e+00,6.1646945123924287e-06
1.7192563036835722e+00,1.4657472264055875e-03
1.2737944275701523e+00,2.1093082701582812e-02
2.2253061211581127e+00,2.7053875137681496e-05
2.2253061211581127e+00,2.7053875137681496e-05
2.2253061211581127e+00,2.7053875137681496e-05
1.3708856959663933e+00,1.2621408472843303e-02
5.1290061800873588e-01,3.1987028434621378e-01
6.1894268263058905e-01,2.5160730317637175e-01
9.8529191019079576e-01,7.7668466894427551e-02
9.8529191019079576e-01,7.7668466894427551e-02
2.9885387693497734e-01,4.5278724647667101e-01
5.5276952068386720e-01,2.9381236641040115e-01
4.1035762799231179e-01,3.8655063727945332e-01
3.1907841296192885e-01,4.4161019131935653e-01
5.4630145582115119e-01,2.9801954715600226e-01
5.4630145582115119e-01,2.9801954715600226e-01
5.4630145582115119e-01,2.9801954715600226e-01
1.2169391838535049e+00,2.7998968933845469e-02
1.2169391838535049e+00,2.7998968933845469e-02
8.5688779163969997e-01,1.2465329768556387e-01
7.1370708132633354e-02,5.3585418660399975e-01
5.8946451393424582e-03,5.4130351446469760e-01
5.8946451393424582e-03,5.4130351446469760e-01
5.8946451393424582e-03,5.4130351446469760e-01
-8.9822427009177375e-01,1.0781706639946143e-01
-8.9822427009177375e-01,1.0781706639946143e-01
-8.9822427009177375e-01,1.0781706639946143e-01
-8.9822427009177375e-01,1.0781706639946143e-01
-8.9822427009177375e-01,1.0781706639946143e-01
-5.3137506899737019e-01,3.0776321726416817e-01
-5.3137506899737019e-01,3.0776321726416817e-01
-1.3070812413439370e-01,5.2315637349445065e-01
6.8026066389485607e-01,2.1454950374195128e-01
1.0661126904377625e+00,5.5748867859278392e-02
2.4747389804432629e-01,4.7893408564034234e-01
1.1240154954278267e+00,4.3259980604529985e-02
1.1725759305931831e+00,3.4611327541911679e-02
1.1725759305931831e+00,3.4611327541911679e-02
1.3349864992414524e+00,1.5327854577203794e-02
9.7993415661832728e-01,7.9321382863916878e-02
4.6788012893566844e-01,3.4940300914930467e-01
4.6788012893566844e-01,3.4940300914930467e-01
1.2677811777886916e-01,5.2421623310955767e-01
4.7937361878583573e-01,3.4187716549443287e-01
1.1193817740945420e+00,4.4168794270135571e-02
1.1193817740945420e+00,4.4168794270135571e-02
1.1193817740945420e+00,4.4168794270135571e-02
1.1193817740945420e+00,4.4168794270135571e-02
1.4181188750299185e+00,9.6980744226078386e-03
1.7035548717314200e+00,1.6320734115576481e-03
1.7035548717314200e+00,1.6320734115576481e-03
1.1381840849973912e+00,4.0573843792031460e-02
4.6066250811743714e-01,3.5411784291613613e-01
4.6066250811743714e-01,3.5411784291613613e-01
2.6685138593552438e-01,4.6948216736819470e-01
2.6685138593552438e-01,4.6948216736819470e-01
3.2055787751708920e-01,4.4077517333862942e-01
1.1363593616365719e+00,4.0912041893706612e-02
1.7353946501305373e+00,1.3110921034984841e-03
1.6666003717428666e+00,2.0937067128443195e-03
1.6666003717428666e+00,2.0937067128443195e-03
2.2503874592820523e+00,2.1613486293529748e-05
2.2503874592820523e+00,2.1613486293529748e-05
2.8935598749627971e+00,2.8909859556966505e-08
2.0118231061708371e+00,1.6516426069086601e-04
1.3358174961103657e+00,1.5259967166872378e-02
1.2142419761418424e+00,2.8368588288080858e-02
1.1478190470242211e+00,3.8825316100618762e-02
7.7613421314885045e-01,1.6227314675578081e-01
1.5795208852819727e+00,3.6850245435703713e-03
9.7557097235771550e-01,8.0686574300312758e-02
6.5330369363016416e-01,2.3054318717010486e-01
1.0518363104394979e+00,5.9224208885979547e-02
1.2367425463918593e+00,2.5406000543411932e-02
1.2367425463918593e+00,2.5406000543411932e-02
1.1829672876906443e+00,3.2957749817469295e-02
1.1829672876906443e+00,3.2957749817469295e-02
7.0538747371209354e-01,2.0011789421679316e-01
6.9560788286594288e-01,2.0567741332985701e-01
1.2287702866765784e+00,2.6424637279918391e-02
1.2287702866765784e+00,2.6424637279918391e-02
8.7984421615407626e-01,1.1509961268623144e-01
8.7984421615407626e-01,1.1509961268623144e-01
1.2327919436240862e+00,2.5906598058961023e-02
1.2327919436240862e+00,2.5906598058961023e-02
9.2734670876821923e-01,9.6941315790895391e-02
4.3327282953364943e-01,3.7189031196264943e-01
4.5568396125344890e-01,3.5736365151273453e-01
8.1411280565244937e-01,1.4380961682583143e-01
1.3423607723219391e+00,1.4734397907414123e-02
8.1860200074090272e-01,1.4171686644540440e-01
8.1860200074090272e-01,1.4171686644540440e-01
7.1133195808550198e-01,1.9677546968005419e-01
8.3614164639522670e-01,1.3372479700716511e-01
1.2126996353930082e+00,2.8581762189538909e-02
5.7021988648664745e-01,2.8251967726956922e-01
7.9755098216276110e-01,1.5169539073378624e-01
1.7062353250968130e+00,1.6025108346559259e-03
1.7062353250968130e+00,1.6025108346559259e-03
1.3654437253238996e+00,1.3002953267042278e-02
1.3349685341128250e+00,1.5329325082106573e-02
2.1520009893240157e+00,5.1397441912383845e-05
2.1520009893240157e+00,5.1397441912383845e-05
2.1520009893240157e+00,5.1397441912383845e-05
2.1520009893240157e+00,5.1397441912383845e-05
1.6629888823089587e+00,2.1446697862729813e-03
1.6675458758596591e+00,2.0805476324860443e-03
1.0243377394896456e+00,6.6387848221142326e-02
7.3236816139993977e-01,1.8517908658661991e-01
1.6265898199169087e+00,2.7249790924418920e-03
6.8789764804845532e-01,2.1011253995527460e-01
6.6874955090007404e-01,2.2131736595666499e-01
9.3172896569151220e-01,9.5374563133930002e-02
1.1815319081357885e+00,3.3182224974552435e-02
1.4558589544356764e+00,7.8068304536526422e-03
1.7053324872784188e+00,1.6124130661472364e-03
2.1821155611571825e+00,3.9588880152411587e-05
1.5338673481001379e+00,4.8966512688720897e-03
1.5297120815352372e+00,5.0229204892737484e-03
1.5297120815352372e+00,5.0229204892737484e-03
1.5297120815352372e+00,5.0229204892737484e-03
1.5297120815352372e+00,5.0229204892737484e-03
9.6757308082379723e-01,8.3233865863127185e-02
9.0213841275278384e-01,1.0630817725341959e-01
7.0346967658331039e-01,2.0120221927479562e-01
8.8389792446047721e-01,1.1346546963820790e-01
8.8389792446047721e-01,1.1346546963820790e-01
5.6161859399379210e-01,2.8807439128745793e-01
5.6161859399379210e-01,2.8807439128745793e-01
-5.4380491544989695e-03,5.4130911640338764e-01
-5.4380491544989695e-03,5.4130911640338764e-01
-5.4380491544989695e-03,5.4130911640338764e-01
-6.7051393079884036e-01,2.2027390117381360e-01
1.6461382062546903e-01,5.1278375199133908e-01
-3.9964450377482308e-02,5.3961467795661411e-01
7.3388989242136660e-01,1.8435456585767065e-01
7.3388989242136660e-01,1.8435456585767065e-01
7.3388989242136660e-01,1.8435456585767065e-01
1.1889502161343302e-01,5.2625063296152386e-01
1.1889502161343302e-01,5.2625063296152386e-01
1.1889502161343302e-01,5.2625063296152386e-01
1.7348771195481305e-01,5.0971597952764713e-01
3.9861920632044701e-01,3.9396225168695781e-01
3.9861920632044701e-01,3.9396225168695781e-01
3.9861920632044701e-01,3.9396225168695781e-01
3.9861920632044701e-01,3.9396225168695781e-01
7.5688111344581444e-01,1.7214060268019341e-01
7.5688111344581444e-01,1.7214060268019341e-01
1.4177873625488147e+00,9.7163266394927512e-03
1.4177873625488147e+00,9.7163266394927512e-03
9.7537384841579922e-01,8.0748658725568356e-02
9.7537384841579922e-01,8.0748658725568356e-02
9.7537384841579922e-01,8.0748658725568356e-02
1.1454918898591870e+00,3.9241948939825133e-02
1.1454918898591870e+00,3.9241948939825133e-02
1.2543117596542999e+00,2.3276718599250474e-02
7.6515647102738171e-01,1.6785840384987805e-01
7.6515647102738171e-01,1.6785840384987805e-01
4.6987201066287554e-01,3.4810015054488896e-01
2.1028098898894143e-01,4.9552284192277846e-01
2.5934114649742668e-01,4.7320749907966758e-01
2.5934114649742668e-01,4.7320749907966758e-01
8.8838967258508461e-01,1.1167325254026646e-01
1.1733805772446004e+00,3.4480904635932445e-02
1.6501046813164848e+00,2.3358099893843287e-03
1.6501046813164848e+00,2.3358099893843287e-03
1.5204720437879189e+00,5.3141823843030145e-03
2.2926958069397330e+00,1.4715432790416331e-05
2.0905612677826468e+00,8.6566429507012202e-05
1.8571930426716463e+00,5.4646645465808441e-04
2.6959662948009608e+00,2.6324671509395594e-07
2.6214239557814736e+00,5.8162917376267071e-07
2.6214239557814736e+00,5.8162917376267071e-07
2.6214239557814736e+00,5.8162917376267071e-07
2.0294093203648771e+00,1.4327996878846756e-04
2.0294093203648771e+00,1.4327996878846756e-04
1.6902286863435165e+00,1.7865807826107890e-03
1.6902286863435165e+00,1.7865807826107890e-03
1.9892273857789533e+00,1.9789839341666243e-04
2.0555999196741794e+00,1.1567943330180977e-04
2.0555999196741794e+00,1.1567943330180977e-04
1.1768986794594340e+00,3.3915381283976705e-02
1.1768986794594340e+00,3.3915381283976705e-02
9.0457136773637359e-01,1.0537768763662088e-01
1.1222075743016973e+00,4.3612768389923826e-02
9.2227450647759923e-01,9.8777427248400732e-02
5.5287434163239624e-01,2.9374427174659706e-01
2.3258045296159224e-01,4.8583171859404278e-01
7.0792669658914775e-01,1.9868670245880143e-01
1.7022262031726569e+00,1.6469112214693819e-03
1.0937595676347698e+00,4.9473128150181164e-02
1.0937595676347698e+00,4.9473128150181164e-02
1.0937595676347698e+00,4.9473128150181164e-02
1.2289287864863994e+00,2.6404058135483834e-02
1.5792234690272764e+00,3.6919549328002267e-03
1.5478012332458277e+00,4.4936816161615847e-03
1.8673448247347011e+00,5.0666575719322078e-04
9.3304647234418070e-01,9.4907069874734407e-02
-1.0148960999508461e-02,5.4122962663286622e-01
1.5668396879902247e-01,5.1540340666431572e-01
1.5668396879902247e-01,5.1540340666431572e-01
1.5668396879902247e-01,5.1540340666431572e-01
7.9489057025708121e-01,1.5298618186940441e-01
7.9489057025708121e-01,1.5298618186940441e-01
1.3567040769814440e+00,1.3636605190430307e-02
1.6561742915592106e+00,2.2439171629187217e-03
1.1075244596326144e+00,4.6564049932792680e-02
1.1020907476984618e+00,4.7695717203680391e-02
1.3113671405530525e+00,1.7368914499320473e-02
8.1077116333300836e-01,1.4537983680534544e-01
1.3874144087949105e+00,1.1521468909433842e-02
7.8409246399488808e-01,1.5829298572852415e-01
9.8110107106085565e-01,7.8959180533943768e-02
1.9024150453805078e-01,5.0354142356415410e-01
1.1225378918007394e+00,4.3548140443667317e-02
1.7406424899075930e+00,1.2641210831380416e-03
2.1758226806745782e+00,4.1820901214311188e-05
1.8560379436303762e+00,5.5117437144577245e-04
1.8560379436303762e+00,5.5117437144577245e-04
1.8560379436303762e+00,5.5117437144577245e-04
1.3105096455825844e+00,1.7447189539554722e-02
7.9873343285304088e-01,1.5112381180742995e-01
7.9873343285304088e-01,1.5112381180742995e-01
4.3933047714197926e-02,5.3925546234427968e-01
4.3933047714197926e-02,5.3925546234427968e-01
7.7905401440773403e-01,1.6080610547121746e-01
7.7905401440773403e-01,1.6080610547121746e-01
1.5556661498819579e+00,4.2795818247597260e-03
1.5211420505310116e+00,5.2925668991457989e-03
1.5211420505310116e+00,5.2925668991457989e-03
1.5211420505310116e+00,5.2925668991457989e-03
5.2904190023884468e-01,3.0928988481645642e-01
1.3680225002870472e+00,1.2820923919747814e-02
1.9664263572945799e+00,2.3701885187747400e-04
1.2292465197597053e+00,2.6362844866316362e-02
9.3250182483259181e-01,9.5100129708733577e-02
1.5704931476821002e+00,3.9006850293760707e-03
8.9295219347815902e-01,1.0987269752996748e-01
8.9295219347815902e-01,1.0987269752996748e-01
1.3115131444984485e-01,5.2303495925886656e-01
-4.6419625061195546e-01,3.5181072641682432e-01
2.1116852547250886e-01,4.9515227810831880e-01
5.8830119665665848e-01,2.7092798407044472e-01
7.6691667903402561e-01,1.6695549083391628e-01
7.6691667903402561e-01,1.6695549083391628e-01
4.2549106259630065e-01,3.7689413967656321e-01
2.1422500550795576e-01,4.9386635005302387e-01
2.1422500550795576e-01,4.9386635005302387e-01
6.8561395511441248e-01,2.1143479418097336e-01
3.8719523494130925e-01,4.0109942538595911e-01
3.4498076286318025e-01,4.2667653061648314e-01
3.4498076286318025e-01,4.2667653061648314e-01
-3.4364023129720778e-01,4.2746500397110143e-01
5.8069316137821403e-01,2.7579023117152363e-01
1.3067044371139076e+00,1.7798188245476021e-02
7.7297670705459609e-01,1.6386839903822623e-01
1.4528329311317592e+00,7.9454750342427324e-03
1.4528329311317592e+00,7.9454750342427324e-03
6.4812949195076897e-01,2.3366908864889843e-01
3.7301704139565572e-02,5.3983676446839524e-01
8.8944948587071337e-01,1.1125321998030430e-01
6.4882048992952690e-01,2.3325064005515714e-01
6.0931095285334891e-01,2.5763142173283243e-01
6.0931095285334891e-01,2.5763142173283243e-01
5.2352210166933588e-01,3.1290475848002747e-01
7.0503226369659444e-01,2.0031851092361047e-01
7.0503226369659444e-01,2.0031851092361047e-01
7.0503226369659444e-01,2.0031851092361047e-01
8.2854755415408476e-01,1.3714894720347084e-01
7.9448930311654209e-01,1.5318144512031892e-01
1.3709492700424022e+00,1.2617009173784078e-02
1.1910660318618156e+00,3.1714470379972028e-02
6.2145673885749630e-01,2.5004294511239111e-01
1.4525279115954035e+00,7.9595699512712576e-03
1.4525279115954035e+00,7.9595699512712576e-03
1.4525279115954035e+00,7.9595699512712576e-03
1.9414010934291994e+00,2.8822127697242413e-04
1.4417594859058553e+00,8.4715103444445924e-03
1.4417594859058553e+00,8.4715103444445924e-03
1.3211104303044863e+00,1.6500391402410799e-02
1.3211104303044863e+00,1.6500391402410799e-02
1.3211104303044863e+00,1.6500391402410799e-02
9.3094337483849188e-01,9.5654094855005811e-02
1.2462054565158596e+00,2.4239743037996902e-02
9.4783280175857954e-01,8.9772222387488651e-02
8.6483398415283830e-01,1.2128874192477408e-01
9.6850841126911291e-01,8.2932958683432617e-02
1.0715067509715155e+00,5.4477959408407717e-02
1.0715067509715155e+00,5.4477959408407717e-02
9.3895984355505391e-01,9.2828941843574764e-02
1.6287657065637973e-01,5.1336756293796282e-01
1.6287657065637973e-01,5.1336756293796282e-01
1.6287657065637973e-01,5.1336756293796282e-01
2.0746631867520193e-01,4.9668950544556573e-01
4.2409155287804623e-01,3.7779145977247630e-01
8.5391358515978055e-01,1.2592831522445314e-01
5.8573815275293839e-01,2.7256340690367381e-01
-3.4562604446177403e-01,4.2629641530538348e-01
-1.6903461021883004e-01,5.1127327970639469e-01
-1.6903461021883004e-01,5.1127327970639469e-01
5.9675993396969318e-01,2.6555043965837927e-01
-1.6792249682638527e-01,5.1165660681970038e-01
8.1644336857266353e-01,1.4272077398661273e-01
1.7066316999014504e+00,1.5981810229688384e-03
1.7066316999014504e+00,1.5981810229688384e-03
1.6993303943437184e+00,1.6796779217995274e-03
1.2336555698499652e+00,2.5796466109818863e-02
1.2336555698499652e+00,2.5796466109818863e-02
1.2336555698499652e+00,2.5796466109818863e-02
2.0038656946688533e+00,1.7606433614887246e-04
2.0038656946688533e+00,1.7606433614887246e-04
2.0038656946688533e+00,1.7606433614887246e-04
1.8850055688104490e+00,4.4377289338754070e-04
1.8850055688104490e+00,4.4377289338754070e-04
1.8850055688104490e+00,4.4377289338754070e-04
1.7120115113483934e+00,1.5404626757833770e-03
1.7120115113483934e+00,1.5404626757833770e-03
2.2913829432894204e+00,1.4893625959764631e-05
1.7310405795458195e+00,1.3512723958869993e-03
1.5181208769134500e+00,5.3906590289097200e-03
8.3901481660090127e-01,1.3244373518796870e-01
8.3901481660090127e-01,1.3244373518796870e-01
8.0049800594913734e-01,1.5027328328619546e-01
1.0880681543210002e+00,5.0717195924833321e-02
4.3886746916974317e-01,3.6827882544332818e-01
4.3886746916974317e-01,3.6827882544332818e-01
6.9888682319935214e-01,2.0380508202628431e-01
6.9888682319935214e-01,2.0380508202628431e-01
4.9575174258291099e-01,3.3112967285632522e-01
4.9575174258291099e-01,3.3112967285632522e-01
9.6441061452157584e-01,8.4257195599805143e-02
9.1261433943969195e-01,1.0234196204272512e-01
7.5232392364643630e-01,1.7452483770299940e-01
8.6500811939787781e-01,1.2121569316995950e-01
8.6500811939787781e-01,1.2121569316995950e-01
1.5088074773579478e+00,5.7033266798486634e-03
1.5088074773579478e+00,5.7033266798486634e-03
2.4587611634062299e+00,3.0367625634749764e-06
1.9539752655453384e+00,2.6132536557810535e-04
2.6432276646605715e+00,4.6231904373960577e-07
2.6432276646605715e+00,4.6231904373960577e-07
2.2637335772788134e+00,1.9160013962709149e-05
2.0330440856638674e+00,1.3911047624487724e-04
1.4679208699992117e+00,7.2751634411564719e-03
1.4679208699992117e+00,7.2751634411564719e-03
2.0987737014991268e+00,8.0810169590477655e-05
2.0987737014991268e+00,8.0810169590477655e-05
1.1481770728035130e+00,3.8761537719399393e-02
1.2143515199490551e+00,2.8353498093316349e-02
1.6270322374006341e+00,2.7171453812563588e-03
1.6270322374006341e+00,2.7171453812563588e-03
1.4402029025124321e+00,8.5478589748459923e-03
1.4402029025124321e+00,8.5478589748459923e-03
1.6571274814554187e+00,2.2297883273868532e-03
6.6160798604934001e-01,2.2556297442396078e-01
1.1689283922776852e+00,3.5207617574451559e-02
4.6912102545819323e-01,3.4859143638441514e-01
4.6912102545819323e-01,3.4859143638441514e-01
1.2260959400678857e+00,2.6773889269294821e-02
3.8780175718401466e-01,4.0072252666884250e-01
3.8780175718401466e-01,4.0072252666884250e-01
1.1013752072811300e+00,4.7846355297893974e-02
1.5275469300221971e+00,5.0898603460543829e-03
1.5275469300221971e+00,5.0898603460543829e-03
1.5275469300221971e+00,5.0898603460543829e-03
1.4016535076619689e+00,1.0641745583104588e-02
9.1853778010590048e-01,1.0014572078472278e-01
9.7332504670885100e-01,8.1396017520369679e-02
1.4386839936548057e+00,8.6229424066127536e-03
1.4386839936548057e+00,8.6229424066127536e-03
8.6456476474600663e-01,1.2140173561916039e-01
7.6516584205632654e-01,1.6785358950667761e-01
1.0512548723443871e+00,5.9369226922367103e-02
1.2259670651030774e-01,5.2531061497449916e-01
1.2259670651030774e-01,5.2531061497449916e-01
2.9472279978776328e-02,5.4040151498201250e-01
-2.9493115274669890e-01,4.5490148106814021e-01
5.8945486032239103e-01,2.7019274518971748e-01
1.5803480518235560e+00,3.6658114290342410e-03
2.0336949668916020e+00,1.3837598126694545e-04
2.0336949668916020e+00,1.3837598126694545e-04
1.4438510258710053e+00,8.3698676360514559e-03
1.5705399710505148e+00,3.8995378213516666e-03
1.5263555734821708e+00,5.1270321663876997e-03
5.8074153883073620e-01,2.7575924112232902e-01
-8.8759260205932833e-02,5.3287838508429242e-01
3.2112416610827665e-01,4.4045495439830795e-01
3.2112416610827665e-01,4.4045495439830795e-01
6.2872770915353016e-01,2.4553820973373539e-01
1.2039136183313772e+00,2.9821620163356995e-02
1.2580340540013566e+00,2.2845411282982286e-02
1.5849312787344942e+00,3.5609783462817310e-03
2.0625082153008805e+00,1.0928122906753587e-04
2.0625082153008805e+00,1.0928122906753587e-04
2.0625082153008805e+00,1.0928122906753587e-04
2.0625082153008805e+00,1.0928122906753587e-04
1.5389392000653075e+00,4.7463785517524049e-03
1.5389392000653075e+00,4.7463785517524049e-03
1.4210374470670146e+00,9.5386769195936732e-03
5.0280520428032105e-01,3.2649789228043452e-01
-2.0649535601442892e-02,5.4087967043028462e-01
8.6374221755406211e-02,5.3332373777941999e-01
5.0560344522656919e-01,3.2466047776006518e-01
1.1868890982652331e+00,3.2350781455824915e-02
1.0326954961901933e+00,6.4143942815576172e-02
5.9028093146579863e-01,2.6966662772879402e-01
4.3379460870938402e-01,3.7155396461120499e-01
6.7095068448681161e-01,2.2001593995649699e-01
1.0908318280264098e+00,5.0110044951672567e-02
1.2114437911386986e+00,2.8756318641347891e-02
1.2114437911386986e+00,2.8756318641347891e-02
6.5172873370040918e-01,2.3149284257379898e-01
1.1650692648901995e+00,3.5847608493031251e-02
9.2835845679702089e-01,9.6577982565656167e-02
8.3207653306565987e-01,1.3555086079948261e-01
6.8529957875494318e-01,2.1161712227168911e-01
-3.0392939860738011e-01,4.5002515510095037e-01
-1.5200845782876371e-01,5.1689331414698803e-01
-1.5200845782876371e-01,5.1689331414698803e-01
6.6998253462104884e-01,2.2058794230886317e-01
-2.9129752386927521e-01,4.5684362051469113e-01
-2.9129752386927521e-01,4.5684362051469113e-01
3.1655312416570069e-01,4.4303017341144313e-01
-2.9274766127350205e-01,4.5607043200556491e-01
-5.6011099605358794e-01,2.8905037598875472e-01
-5.6011099605358794e-01,2.8905037598875472e-01
3.3542335120002775e-01,4.3226204545299590e-01
5.5063760423337271e-02,5.3806835429171029e-01
1.0244620375095863e+00,6.6354043938582546e-02
1.0244620375095863e+00,6.6354043938582546e-02
1.1218337518160908e+00,4.3686000962571490e-02
7.3985626117440262e-01,1.8114087903058898e-01
1.3860291930067703e+00,1.1610336656082972e-02
1.5948816809882445e+00,3.3426185184750063e-03
1.5948816809882445e+00,3.3426185184750063e-03
9.7977812509716244e-01,7.9369906991226535e-02
7.8227491699104235e-01,1.5919685984043125e-01
4.6182978650109163e-01,3.5335603158258055e-01
4.7216454554968834e-01,3.4659984287663204e-01
6.2555032294028479e-02,5.3712098977325362e-01
7.9664343503027624e-01,1.5213497419580424e-01
7.9664343503027624e-01,1.5213497419580424e-01
7.7364105610393352e-01,1.6353199720057152e-01
1.0826180391470643e+00,5.1931523901589789e-02
1.3374717133225289e+00,1.5125596969959101e-02
4.6679240265461885e-01,3.5011418556540325e-01
4.6679240265461885e-01,3.5011418556540325e-01
2.9318234765169393e-01,4.5583817272494820e-01
-2.4328706728130101e-01,4.8090629867984830e-01
3.0588092667490230e-01,4.4895531314288184e-01
3.5170177906987732e-01,4.2269942924017845e-01
3.5170177906987732e-01,4.2269942924017845e-01
3.5170177906987732e-01,4.2269942924017845e-01
-6.1633285667863191e-01,2.5323483496528149e-01
-7.0624782942164899e-01,1.9963239433503235e-01
-7.0624782942164899e-01,1.9963239433503235e-01
-7.0624782942164899e-01,1.9963239433503235e-01
-9.1010001682882802e-01,1.0328431846462320e-01
-5.3530895866052930e-01,3.0519114268959940e-01
-5.3530895866052930e-01,3.0519114268959940e-01
-5.3530895866052930e-01,3.0519114268959940e-01
3.8332470695846155e-01,4.0349898740286655e-01
9.6818308848970958e-01,8.3037528351973644e-02
1.6145767608963340e+00,2.9456614899014571e-03
1.4473060751660682e+00,8.2043121637634057e-03
1.5374036459225948e+00,4.7914338025698945e-03
1.1330065545199091e+00,4.1539381743342561e-02
1.2587273580998115e+00,2.2765825183770395e-02
9.8489379507218189e-01,7.7790402699645003e-02
1.1408208852718076e+00,4.0089123197306044e-02
9.5968627537773443e-01,8.5803015005884734e-02
6.3625678185243117e-01,2.4090538310910800e-01
6.3625678185243117e-01,2.4090538310910800e-01
6.3625678185243117e-01,2.4090538310910800e-01
1.1627899513599402e+00,3.6230043230666725e-02
5.2545348370200884e-01,3.1163945075686605e-01
1.0438573940400317e+00,6.1238319054176545e-02
8.2467405666663041e-01,1.3891677886431933e-01
1.3223111135609571e+00,1.6395981560516228e-02
5.8709969855939192e-01,2.7169429750413732e-01
9.2405683275575257e-01,9.8129455336681271e-02
1.8112119779003848e+00,7.6572818837493915e-04
1.0500281227386949e+00,5.9676095093610534e-02
3.6449781203410936e-01,4.1502233171597830e-01
6.2419682487181660e-01,2.4834186572414227e-01
-1.6726965337230126e-01,5.1188058541397130e-01
-2.0133893190582342e-01,4.9918407180291069e-01
7.5373602378525106e-01,1.7378408762959568e-01
7.5373602378525106e-01,1.7378408762959568e-01
7.5373602378525106e-01,1.7378408762959568e-01
8.0718022103997811e-01,1.4707899473997188e-01
1.2163090060797330e+00,2.8084966791649901e-02
6.8780582811354662e-01,2.1016562823389098e-01
1.8468625572298691e-01,5.0564336776005370e-01
6.4507751907218136e-01,2.3552089340839538e-01
1.6152996317226638e+00,2.9319385916355316e-03
1.3585486435404661e+00,1.3500690150146310e-02
1.5187540438521765e+00,5.3699679956824894e-03
7.2159611666830159e-01,1.9107150484823437e-01
1.0996350628215055e+00,4.8214272989179879e-02
1.1886494457876182e+00,3.2081342485023583e-02
7.4492691389178844e-01,1.7843375752163684e-01
4.5000877697763997e-01,3.6105627816926450e-01
8.8274323948309075e-01,1.1392933484280497e-01
1.2623306534413317e+00,2.2355945036932515e-02
1.3885922236124060e+00,1.1446373021619865e-02
1.2699465026322443e+00,2.1510074375828855e-02
1.2699465026322443e+00,2.1510074375828855e-02
8.3996981836970264e-01,1.3201968609606807e-01
1.2079538248760997e+00,2.9246056791304958e-02
1.2079538248760997e+00,2.9246056791304958e-02
1.2079538248760997e+00,2.9246056791304958e-02
2.1401781358676359e+00,5.6887749125110915e-05
1.2368473709618115e+00,2.5392828762894122e-02
1.2368473709618115e+00,2.5392828762894122e-02
1.3113018295470198e+00,1.7374865731808596e-02
1.3679933295940145e+00,1.2822970596864101e-02
1.0218182794148021e+00,6.7075875434933582e-02
1.2004463799655909e+00,3.0323003556479877e-02
5.8235903266518108e-01,2.7472361454212868e-01
5.8235903266518108e-01,2.7472361454212868e-01
1.4061118139053761e+00,1.0378628850589881e-02
1.2231685062950461e+00,2.7160596109534460e-02
1.1807790690079969e+00,3.3300460325759819e-02
1.1641791853885337e+00,3.5996556774109983e-02
1.1641791853885337e+00,3.5996556774109983e-02
1.1641791853885337e+00,3.5996556774109983e-02
1.1641791853885337e+00,3.5996556774109983e-02
1.7720201174073438e+00,1.0140366485898004e-03
1.6871397424220902e+00,1.8242494080643206e-03
8.5624331488558880e-01,1.2492885453279620e-01
1.5954934913870531e+00,3.3295950100251078e-03
1.6601977318379397e+00,2.1848269416449521e-03
2.2443621572464636e+00,2.2816453794042230e-05
1.6059192455291083e+00,3.1145864848497956e-03
2.1952632787117352e+00,3.5284479511662713e-05
2.1952632787117352e+00,3.5284479511662713e-05
2.1952632787117352e+00,3.5284479511662713e-05
2.1952632787117352e+00,3.5284479511662713e-05
2.1952632787117352e+00,3.5284479511662713e-05
1.2846204525840932e+00,1.9956406621781726e-02
8.9116559633202286e-01,1.1057537332129332e-01
9.1689462763873308e-01,1.0075160424390867e-01
6.6290248539884544e-01,2.2479080851753136e-01
1.7099702177164744e-01,5.1059140789212343e-01
8.6327549968376616e-01,1.2194382201481054e-01
8.6327549968376616e-01,1.2194382201481054e-01
1.8179006051997959e+00,7.2944188330524638e-04
2.2249238805716232e+00,2.7146072331498586e-05
2.3818961832490260e+00,6.3913535142872594e-06
1.8511211208667078e+00,5.7163810686461163e-04
1.8511211208667078e+00,5.7163810686461163e-04
1.8511211208667078e+00,5.7163810686461163e-04
1.3560150853134374e+00,1.3687675328828527e-02
9.3543777419562701e-01,9.4062737637419916e-02
9.3543777419562701e-01,9.4062737637419916e-02
3.0435023494513302e-01,4.4979481363551338e-01
3.0435023494513302e-01,4.4979481363551338e-01
3.4679258373535760e-01,4.2560830345481709e-01
3.4679258373535760e-01,4.2560830345481709e-01
3.4679258373535760e-01,4.2560830345481709e-01
9.8712771936256871e-01,7.7108025823380250e-02
9.8712771936256871e-01,7.7108025823380250e-02
4.1529063931557175e-01,3.8341463821700295e-01
3.7232475746800020e-01,4.1026290670273607e-01
3.7232475746800020e-01,4.1026290670273607e-01
4.8030068849841712e-01,3.4126938043085919e-01
5.1046784412585566e-01,3.2146696971026123e-01
5.1046784412585566e-01,3.2146696971026123e-01
4.4277828494518445e-01,3.6574794484328232e-01
8.9066123669645947e-01,1.1077429612782136e-01
2.9479291358620685e-01,4.5497565694536807e-01
9.4877099437773893e-01,8.9453312448702083e-02
9.4877099437773893e-01,8.9453312448702083e-02
9.4877099437773893e-01,8.9453312448702083e-02
9.4877099437773893e-01,8.9453312448702083e-02
-2.4855208870071976e-02,5.4067268501158294e-01
-2.4855208870071976e-02,5.4067268501158294e-01
-3.3677922152844531e-01,4.3147481902990870e-01
-7.0179556139824939e-01,2.0215113689857311e-01
-7.0179556139824939e-01,2.0215113689857311e-01
-1.1548539817214021e-01,5.2709241079446734e-01
5.0796765181388537e-02,5.3855467172580296e-01
3.5886270536856557e-02,5.3994862237179930e-01
4.3029610844821775e-01,3.7380720064947820e-01
8.3670759983246512e-01,1.3347182740115301e-01
9.0235679495865639e-01,1.0622442461101121e-01
1.1616413280494484e+00,3.6424021563180996e-02
1.9955463368215547e+00,1.8817917251822417e-04
1.4173971982847533e+00,9.7378465978182876e-03
1.7380194271535174e+00,1.2874024475294057e-03
