1        23485.3        34461.2
2        19185.1        24431.6
3        18285.5        22156.9
4        15456.5        18778.6
5        14270.8        16693.6
6        13482.8        15217.9
7        12868.6        13916.4
8        11206.4        13079.9
9        11170.8        12436.1
10        9904.22        11702.8
11        9756.28        10727.6
12        9176.17        9915.96
13        8886.12        9568.89
14        8699.27        9103.35
15        8326.27        8850.14
16        8131.79        8571.64
17        7697.62        8208.88
18        7680.12        7863.89
19        7592.38         7693.8
20        7329.49        7642.97
21        7198.78        7511.47
22        7131.03        7345.47
23        7057.47        7174.32
24        6780.07        7081.77
25        6491.92        6941.95
26        6460.42        6691.85
27        6413.61        6475.61
28        6346.69        6444.48
29        6187.14        6403.95
30        6118.28        6341.95
31        6001.39        6268.74
32        5495.93        6129.38
33        5495.93        5744.23
34        5431.73        5495.93
35        5431.73        5482.26
36        5403.72         5438.4
37        5341.33        5419.48
38        5341.33        5412.06
39        5319.99        5388.41
40        5287.71        5344.03
41        5287.71        5328.11
42        5275.71        5303.14
43        5176.07        5286.25
44        5176.07        5274.73
45        5154.73        5276.97
46        5136.14        5183.14
47        5136.02         5149.8
48        5102.52        5136.64
49        5061.68        5122.01
50        5061.68        5093.87
51        4929.73        5061.68
52        4929.73         5053.5
53        4915.24        4961.88
54        4915.24        4919.15
55        4886.72        4915.24
56        4886.72        4911.22
57        4863.17        4892.29
58        4850.85        4882.85
59        4850.85         4865.9
60        4847.88        4851.32
61        4847.88        4850.24
62        4755.83        4848.25
63        4755.83        4838.51
64        4755.83        4818.26
65        4755.83        4755.83
66        4755.83        4755.83
67        4755.83        4755.83
68        4755.83        4755.83
69        4755.83        4755.83
70        4742.31        4755.83
71        4742.31         4753.4
72        4742.31        4742.31
73        4742.31        4742.31
74        4742.31        4742.31
75        4742.31        4742.31
76        4742.31        4742.31
77        4723.26        4742.31
78        4723.26        4740.31
79        4723.26        4731.68
80        4723.26        4723.26
81        4723.26        4723.26
82        4723.26        4723.26
83        4723.26        4723.26
84        4723.26        4723.26
85        4723.26        4723.26
86        4723.26        4723.26
87        4723.26        4723.26
88        4723.26        4723.26
89        4723.13        4723.26
90        4719.52        4730.94
91        4698.98        4721.78
92        4698.98        4718.54
93        4698.42        4700.97
94        4698.42        4698.75
95        4698.42        4698.42
96        4698.42        4698.42
97        4698.42        4698.42
98        4698.42        4698.42
99        4698.42        4698.42
100        4698.42        4698.42
101        4693.79        4698.42
102        4693.79        4697.12
103        4693.79        4693.79
104        4693.79        4693.79
105        4693.79        4693.79
106        4693.79        4693.79
107        4693.79        4693.79
108        4693.79        4693.79
109        4693.79        4693.79
110        4693.79        4693.79
111        4693.79        4693.79
112        4693.79        4693.79
113        4693.79        4693.79
114        4693.79        4693.79
115        4693.79        4693.79
116        4693.79        4693.79
117        4693.79        4693.79
118        4693.79        4693.79
119        4693.79        4693.79
120        4693.79        4693.79
121        4693.79        4693.79
122        4649.05        4693.79
123        4649.05        4678.13
124        4639.43        4657.66
125        4639.43        4647.77
126         4633.3        4641.28
127         4633.3        4635.26
128         4633.3         4633.3
129         4633.3         4633.3
130         4633.3         4633.3
131         4633.3         4633.3
132         4633.3         4633.3
133         4633.3         4633.3
134         4633.3         4633.3
135         4633.3         4633.3
136         4633.3         4633.3
137         4633.3         4633.3
138         4633.3         4633.3
139         4633.3         4633.3
140         4633.3         4633.3
141         4633.3         4633.3
142         4633.3         4633.3
143         4633.3         4633.3
144         4633.3         4633.3
145         4633.3         4633.3
146         4633.3         4633.3
147         4633.3         4633.3
148         4633.3         4633.3
149         4633.3         4633.3
150         4633.3         4633.3
151         4633.3         4633.3
152         4633.3         4633.3
153         4633.3         4633.3
154         4633.3         4633.3
155         4633.3         4633.3
156         4633.3         4633.3
157         4633.3         4633.3
158         4633.3         4633.3
159         4633.3         4633.3
160         4633.3         4633.3
161         4633.3         4633.3
162         4633.3         4633.3
163         4633.3         4633.3
164         4633.3         4633.3
165         4633.3         4633.3
166         4633.3         4633.3
167         4633.3         4633.3
168         4633.3         4633.3
169         4633.3         4633.3
170         4633.3         4633.3
171         4633.3         4633.3
172         4633.3         4633.3
173         4633.3         4633.3
174         4633.3         4633.3
175         4633.3         4633.3
176         4633.3         4633.3
177         4633.3         4633.3
178         4633.3         4633.3
179         4633.3         4633.3
180         4633.3         4633.3
181         4633.3         4633.3
182         4633.3         4633.3
183         4633.3         4633.3
184         4633.3         4633.3
185        4627.98         4633.3
186        4627.98        4631.78
187        4627.98        4627.98
188        4627.98        4627.98
189        4627.98        4627.98
190        4627.98        4627.98
191        4627.98        4627.98
192        4627.98        4627.98
193        4627.98        4627.98
194        4627.98        4627.98
195        4627.98        4627.98
196        4627.98        4627.98
197        4627.98        4627.98
198        4627.98        4627.98
199        4627.98        4627.98
200        4627.98        4627.98
201        4627.98        4627.98
202        4627.98        4627.98
203        4627.98        4627.98
204        4627.98        4627.98
205        4627.98        4627.98
206        4627.98        4627.98
207        4627.98        4627.98
208        4627.98        4627.98
209        4627.98        4627.98
210        4627.98        4627.98
211        4627.98        4627.98
212        4627.98        4627.98
213        4627.98        4627.98
214        4627.98        4627.98
215        4627.98        4627.98
216        4627.98        4627.98
217        4627.98        4627.98
218        4627.98        4627.98
219        4627.98        4627.98
220        4627.98        4627.98
221        4627.98        4627.98
222        4627.98        4627.98
223        4627.98        4627.98
224        4627.98        4627.98
225        4627.98        4627.98
226        4627.98        4627.98
227        4627.98        4627.98
228        4627.98        4627.98
229        4627.98        4627.98
230        4627.98        4627.98
231        4627.98        4627.98
232        4627.98        4627.98
233        4627.98        4627.98
234        4627.98        4627.98
235        4627.98        4627.98
236        4627.98        4627.98
237        4627.98        4627.98
238        4627.98        4627.98
239        4627.98        4627.98
240        4627.98        4627.98
241        4627.98        4627.98
242        4627.98        4627.98
243        4627.98        4627.98
244        4627.98        4627.98
245        4627.98        4627.98
246        4627.98        4627.98
247        4627.98        4627.98
248        4627.98        4627.98
249        4627.98        4627.98
250        4627.98        4627.98
251        4627.98        4627.98
252        4627.98        4627.98
253        4627.98        4627.98
254        4627.98        4627.98
255        4627.98        4627.98
256        4627.98        4627.98
257        4627.98        4627.98
258        4627.98        4627.98
259        4627.98        4627.98
260        4627.98        4627.98
261        4627.98        4627.98
262        4627.98        4627.98
263        4627.98        4627.98
264        4627.98        4627.98
265        4627.98        4627.98
266        4627.98        4627.98
267        4627.98        4627.98
268        4627.98        4627.98
269        4627.31        4627.98
270        4627.31        4642.54
271        4627.31        4627.31
272        4610.75        4627.31
273        4610.75        4616.46
274        4610.75        4610.75
275        4610.75        4610.75
276        4610.75        4610.75
277        4610.75        4610.75
278        4610.75        4610.75
279        4610.75        4610.75
280        4610.75        4610.75
281        4610.75        4610.75
282        4610.75        4610.75
283        4610.75        4610.75
284        4610.75        4610.75
285        4610.75        4610.75
286        4610.75        4610.75
287        4610.75        4610.75
288        4610.75        4610.75
289        4610.75        4610.75
290        4610.75        4610.75
291        4610.75        4610.75
292        4610.75        4610.75
293        4610.75        4610.75
294        4610.75        4610.75
295        4610.75        4610.75
296        4610.75        4610.75
297        4610.75        4610.75
298        4610.75        4610.75
299        4610.75        4610.75
300        4610.75        4610.75
