1        41327.7        53169.4
2        36508.5        42974.9
3        32156.9        37640.1
4        31067.5        34861.4
5        30269.4        31784.2
6        29267.9        30528.9
7        28477.6        29637.3
8        27013.4        28745.1
9        26169.3        27717.9
10        24845.8        26243.6
11        24799.8        25743.6
12        24453.7        24983.7
13        24181.7        24676.8
14        23782.2        24415.3
15        23655.2        24146.9
16        23604.3        23780.8
17        23451.7        23665.4
18        23000.1        23545.5
19        22842.6        23495.1
20        22816.9        23123.6
21          22658        22840.4
22        22391.2        22722.5
23        22351.8        22575.1
24          22070        22408.1
25        21849.1          22224
26        21787.4        21983.6
27        21787.4        21866.1
28        21719.1        21803.2
29        21690.2        21892.7
30          21641          21710
31        21496.5          21676
32        21479.9        21635.7
33        21405.1        21532.4
34        21355.9          21457
35        21255.6        21402.2
36        21242.8        21367.4
37        21206.5        21254.9
38        21153.3        21247.2
39        21153.3        21215.8
40        21120.6        21173.6
41        21120.6        21148.5
42          21049          21122
43          21049        21111.1
44        20986.9          21049
45        20967.8        21048.9
46        20943.1        20994.4
47        20922.2        20962.5
48        20922.2        20945.6
49        20840.7        20936.4
50        20822.8        20890.6
51        20822.8          20835
52        20432.4        20822.8
53        20432.4        20798.2
54        20432.4        20729.1
55        20432.4        20517.9
56        20416.6        20432.4
57        20416.6          20426
58        20416.6        20416.6
59        20358.5        20416.6
60        20358.5        20407.7
61        20325.5        20361.7
62        20325.4        20357.4
63        20305.6        20340.1
64          20304        20324.6
65        20297.4          20329
66        20297.4        20304.6
67        20290.3        20297.4
68        20286.4        20301.7
69        20286.4        20292.1
70        20263.2        20286.4
71        20252.2        20283.3
72        20252.2        20258.3
73        20249.5        20252.2
74        20242.1        20252.1
75        20239.4          20248
76        20237.9        20240.3
77        20237.4        20239.2
78        20147.8        20237.8
79        20144.4        20229.3
80        20144.4        20168.8
81        20129.2        20144.4
82        20129.2        20143.4
83        20129.2        20131.7
84        20129.2        20129.2
85        20129.2        20129.2
86        20129.2        20129.2
87        20129.2        20129.2
88          20104        20129.2
89          20104          20127
90          20104        20109.8
91          20104          20104
92          20104          20104
93          20104          20104
94        20095.3          20104
95        20095.3          20103
96        20095.3        20095.9
97        20095.3        20095.3
98        20095.3        20095.3
99        20095.3        20095.3
100        20095.3        20095.3
101        20095.3        20095.3
102        20095.3        20095.3
103        20095.3        20095.3
104        20095.3        20095.3
105        20095.3        20095.3
106        20095.3        20095.3
107        20095.3        20095.3
108        20095.3        20095.3
109        20095.3        20095.3
110        20095.3        20095.3
111        20095.3        20095.3
112        20095.3        20095.3
113        20095.3        20095.3
114        20095.3        20095.3
115        20095.3        20095.3
116        20095.3        20095.3
117        20095.3        20095.3
118        20095.3        20095.3
119        20095.3        20095.3
120        20095.3        20095.3
121        20095.3        20095.3
122        20095.3        20095.3
123        20095.3        20095.3
124        20095.3        20095.3
125        20095.3        20095.3
126        20075.5        20095.3
127        20075.5          20095
128        20071.4        20090.1
129        20071.4        20074.9
130        20071.4        20071.4
131        20071.4        20071.4
132        20071.4        20071.4
133        20071.4        20071.4
134        20071.4        20071.4
135        20071.4        20071.4
136        20071.4        20071.4
137        20071.4        20071.4
138        20071.4        20071.4
139        20071.4        20071.4
140        20071.4        20071.4
141        20071.4        20071.4
142        20071.4        20071.4
143        20071.4        20071.4
144        20071.4        20071.4
145        20071.4        20071.4
146        20071.4        20071.4
147        20071.4        20071.4
148        20071.4        20071.4
149        20071.4        20071.4
150        20071.4        20071.4
151        20071.4        20071.4
152        20071.4        20071.4
153        20071.4        20071.4
154        20071.4        20071.4
155        20071.4        20071.4
156        20071.4        20071.4
157        20071.4        20071.4
158        20071.4        20071.4
159        20071.4        20071.4
160        20071.4        20071.4
161        20071.4        20071.4
162        20071.4        20071.4
163        20071.4        20071.4
164        20042.8        20071.4
165        20042.8        20099.1
166        20042.8        20060.3
167        20042.8        20042.8
168        20042.8        20042.8
169        20042.8        20042.8
170        20042.8        20042.8
171        20042.8        20042.8
172        20042.8        20042.8
173        20042.8        20042.8
174        20042.8        20042.8
175        20042.8        20042.8
176        20042.8        20042.8
177        20042.8        20042.8
178        20042.8        20042.8
179        20042.8        20042.8
180        20042.8        20042.8
181        20042.8        20042.8
182        20042.8        20042.8
183        20042.8        20042.8
184        20042.8        20042.8
185        20042.8        20042.8
186        20042.8        20042.8
187        20042.8        20042.8
188        20042.8        20042.8
189        20042.8        20042.8
190        20042.8        20042.8
191        20042.8        20042.8
192        20042.8        20042.8
193        20042.8        20042.8
194        20042.8        20042.8
195        20042.8        20042.8
196        20042.8        20042.8
197        20042.8        20042.8
198        20042.8        20042.8
199        20042.8        20042.8
200        20042.8        20042.8
201        20042.8        20042.8
202        20042.8        20042.8
203        20042.8        20042.8
204        20042.8        20042.8
205        20042.8        20042.8
206        20042.8        20042.8
207        20042.8        20042.8
208        20042.8        20042.8
209        20042.8        20042.8
210        20042.8        20042.8
211        20042.8        20042.8
212        20042.8        20042.8
213        20042.8        20042.8
214        20042.8        20042.8
215        20042.8        20042.8
216        20042.8        20042.8
217        20042.8        20042.8
218        20042.8        20042.8
219        20042.8        20042.8
220        20042.8        20042.8
221        20042.8        20042.8
222        20042.8        20042.8
223        20042.8        20042.8
224        20042.8        20042.8
225        20042.8        20042.8
226        20042.8        20042.8
227        20042.8        20042.8
228        20042.8        20042.8
229        20042.8        20042.8
230        20042.8        20042.8
231        20042.8        20042.8
232        20042.8        20042.8
233        20042.8        20042.8
234        20042.8        20042.8
235        20042.8        20042.8
236        20042.8        20042.8
237        20042.8        20042.8
238        20042.8        20042.8
239        20042.8        20042.8
240        20042.8        20042.8
241        20042.8        20042.8
242        20042.8        20042.8
243        20042.8        20042.8
244        20042.8        20042.8
245        20042.8        20042.8
246        20042.8        20042.8
247        20042.8        20042.8
248        20042.8        20042.8
249        20042.8        20042.8
250        20042.8        20042.8
251        20042.8        20042.8
252        20042.8        20042.8
253        20042.8        20042.8
254        20042.8        20042.8
255        20042.8        20042.8
256        20042.8        20042.8
257        20042.8        20042.8
258        20042.8        20042.8
259        20042.8        20042.8
260        20042.8        20042.8
261        20042.8        20042.8
262        20042.8        20042.8
263        20042.8        20042.8
264        20042.8        20042.8
265        20042.8        20042.8
266        20042.8        20042.8
267        20042.8        20042.8
268        20042.8        20042.8
269        20042.8        20042.8
270        20042.8        20042.8
271        20042.8        20042.8
272        20042.8        20042.8
273        20042.8        20042.8
274        20042.8        20042.8
275        20042.8        20042.8
276        20042.8        20042.8
277        20042.8        20042.8
278        20042.8        20042.8
279        20042.8        20042.8
280        20042.8        20042.8
281        20042.8        20042.8
282        20042.8        20042.8
283        20042.8        20042.8
284        20042.8        20042.8
285        20042.8        20042.8
286        20042.8        20042.8
287        20042.8        20042.8
288        20042.8        20042.8
289        20042.8        20042.8
290        20042.8        20042.8
291        20042.8        20042.8
292        20042.8        20042.8
293        20042.8        20042.8
294        20042.8        20042.8
295        20042.8        20042.8
296        20042.8        20042.8
297        20042.8        20042.8
298        20042.8        20042.8
299        20042.8        20042.8
300        20042.8        20042.8
