1        21470.7        34411.1
2        18211.7        23679.3
3        15623.5        19561.9
4          14492        17507.7
5        12975.2        15343.1
6        12248.4        13877.6
7          10807        12813.8
8        10400.1        12006.7
9        9812.02        10706.2
10         9145.4        10019.4
11        8820.64         9351.3
12        8457.18        9044.99
13         8074.1        8671.88
14        7875.95        8322.95
15         7577.4        7954.92
16        7463.84        7749.05
17           7278        7544.83
18        7072.71         7442.4
19        6989.63        7227.46
20        6933.48        7056.61
21        6790.65        6988.61
22        6597.62        6865.63
23        6362.65        6721.33
24        6257.37        6530.64
25        6159.76        6291.84
26        6086.96        6239.92
27        6027.51        6143.63
28        5922.23        6078.97
29        5894.95        6004.19
30        5751.89           5931
31        5695.44        5832.61
32        5378.44        5736.16
33        5378.44        5500.48
34        5363.98        5443.47
35        5291.28        5377.43
36        5225.49        5365.11
37        5162.44        5240.09
38        5162.44        5217.99
39        5162.08        5174.01
40        5088.09        5162.41
41         5074.7        5159.17
42         5022.6        5094.98
43        4993.08        5061.26
44        4984.35        5035.09
45        4958.89        5086.19
46        4955.26        4982.57
47        4955.26        4968.49
48        4895.39        4955.26
49        4895.39        4948.45
50        4882.42        4929.46
51        4882.42        4894.16
52        4818.42        4886.83
53        4818.42        4869.09
54        4789.24        4818.74
55         4764.9        4810.57
56        4755.83        4788.99
57        4755.83        4777.57
58        4755.83        4755.83
59        4755.83        4755.83
60        4755.83        4755.83
61        4755.83        4755.83
62        4755.83        4755.83
63        4755.83        4755.83
64         4735.3        4755.83
65         4735.3        4753.37
66         4735.3        4739.51
67        4735.17         4735.3
68        4735.17        4735.29
69        4735.17        4735.21
70        4716.12        4735.17
71        4716.12        4734.22
72        4716.12        4728.51
73        4716.12        4716.22
74        4716.12        4716.12
75        4716.12        4716.12
76        4716.12        4716.12
77        4711.44        4716.12
78         4702.6         4715.4
79         4702.6        4711.31
80         4702.6        4709.46
81         4702.6        4703.17
82         4702.6         4702.6
83        4701.63         4702.6
84        4701.63           4711
85        4701.63        4701.64
86        4701.63        4701.63
87        4701.63        4701.63
88        4701.63        4701.63
89        4701.63        4701.63
90        4701.63        4701.63
91        4701.63        4701.63
92        4686.84        4701.63
93        4686.84        4692.76
94        4686.84        4686.84
95        4686.84        4686.84
96        4686.84        4686.84
97        4686.84        4686.84
98        4686.84        4686.84
99        4686.84        4686.84
100        4686.84        4686.84
101        4686.84        4686.84
102        4686.84        4686.84
103        4686.84        4686.84
104        4686.84        4686.84
105        4686.84        4686.84
106        4686.05        4686.84
107        4686.05         4686.7
108        4686.05        4686.05
109         4684.3        4686.05
110         4684.3        4685.93
111         4684.3        4687.06
112         4684.3         4684.3
113         4684.3         4684.3
114         4684.3         4684.3
115         4684.3         4684.3
116         4684.3         4684.3
117         4684.3         4684.3
118         4684.3         4684.3
119         4684.3         4684.3
120         4684.3         4684.3
121        4681.64         4684.3
122        4653.83        4684.03
123        4653.83        4653.83
124        4653.83        4653.83
125        4653.83        4653.83
126        4653.83        4653.83
127        4653.83        4653.83
128        4653.83        4653.83
129        4653.83        4653.83
130        4653.83        4653.83
131        4653.83        4653.83
132        4653.83        4653.83
133        4653.83        4653.83
134        4653.83        4653.83
135        4653.83        4653.83
136        4653.83        4653.83
137        4653.83        4653.83
138        4653.83        4653.83
139        4653.83        4653.83
140        4653.83        4653.83
141        4653.83        4653.83
142        4653.83        4653.83
143        4653.83        4653.83
144        4653.83        4653.83
145        4653.83        4653.83
146        4653.83        4653.83
147        4653.83        4653.83
148        4653.83        4653.83
149        4653.83        4653.83
150        4653.83        4653.83
151         4633.3        4653.83
152         4633.3        4644.28
153         4633.3         4633.3
154         4633.3         4633.3
155         4633.3         4633.3
156         4633.3         4633.3
157         4633.3         4633.3
158         4633.3         4633.3
159         4633.3         4633.3
160         4633.3         4633.3
161         4633.3         4633.3
162         4633.3         4633.3
163         4633.3         4633.3
164         4633.3         4633.3
165         4633.3         4633.3
166         4633.3         4633.3
167         4633.3         4633.3
168         4633.3         4633.3
169         4633.3         4633.3
170         4633.3         4633.3
171         4633.3         4633.3
172         4633.3         4633.3
173         4633.3         4633.3
174         4633.3         4633.3
175         4633.3         4633.3
176         4633.3         4633.3
177         4633.3         4633.3
178         4633.3         4633.3
179         4633.3         4633.3
180         4633.3         4633.3
181         4633.3         4633.3
182         4633.3         4633.3
183         4633.3         4633.3
184         4633.3         4633.3
185         4633.3         4633.3
186         4633.3         4633.3
187         4633.3         4633.3
188         4633.3         4633.3
189         4633.3         4633.3
190         4633.3         4633.3
191         4633.3         4633.3
192         4633.3         4633.3
193         4633.3         4633.3
194         4633.3         4633.3
195         4633.3         4633.3
196         4633.3         4633.3
197         4633.3         4633.3
198         4633.3         4633.3
199         4633.3         4633.3
200         4633.3         4633.3
201         4633.3         4633.3
202         4633.3         4633.3
203         4633.3         4633.3
204         4633.3         4633.3
205         4633.3         4633.3
206         4633.3         4633.3
207         4633.3         4633.3
208         4633.3         4633.3
209         4633.3         4633.3
210         4633.3         4633.3
211         4633.3         4633.3
212         4633.3         4633.3
213         4633.3         4633.3
214         4633.3         4633.3
215         4633.3         4633.3
216         4633.3         4633.3
217         4633.3         4633.3
218         4633.3         4633.3
219         4633.3         4633.3
220         4633.3         4633.3
221         4633.3         4633.3
222         4633.3         4633.3
223         4633.3         4633.3
224         4633.3         4633.3
225         4633.3         4633.3
226         4633.3         4633.3
227         4633.3         4633.3
228         4633.3         4633.3
229         4633.3         4633.3
230         4633.3         4633.3
231         4633.3         4633.3
232         4633.3         4633.3
233         4633.3         4633.3
234         4633.3         4633.3
235         4633.3         4633.3
236         4633.3         4633.3
237         4633.3         4633.3
238         4633.3         4633.3
239         4633.3         4633.3
240         4633.3         4633.3
241        4627.98         4633.3
242        4627.98        4631.38
243        4627.98        4627.98
244        4627.98        4627.98
245        4627.98        4627.98
246        4627.98        4627.98
247        4627.98        4627.98
248        4627.98        4627.98
249        4627.98        4627.98
250        4627.98        4627.98
251        4627.98        4627.98
252        4627.98        4627.98
253        4627.98        4627.98
254        4627.98        4627.98
255        4627.98        4627.98
256        4627.98        4627.98
257        4627.98        4627.98
258        4627.98        4627.98
259        4627.98        4627.98
260        4627.98        4627.98
261        4627.98        4627.98
262        4627.98        4627.98
263        4627.98        4627.98
264        4627.98        4627.98
265        4627.98        4627.98
266        4627.98        4627.98
267        4627.98        4627.98
268        4627.98        4627.98
269        4627.98        4627.98
270        4627.98        4627.98
271        4627.98        4627.98
272        4610.75        4627.98
273        4610.75        4610.75
274        4610.75        4610.75
275        4610.75        4610.75
276        4610.75        4610.75
277        4610.75        4610.75
278        4610.75        4610.75
279        4610.75        4610.75
280        4610.75        4610.75
281        4610.75        4610.75
282        4610.75        4610.75
283        4610.75        4610.75
284        4610.75        4610.75
285        4610.75        4610.75
286        4610.75        4610.75
287        4610.75        4610.75
288        4610.75        4610.75
289        4610.75        4610.75
290        4610.75        4610.75
291        4610.75        4610.75
292        4610.75        4610.75
293        4610.75        4610.75
294        4610.75        4610.75
295        4610.75        4610.75
296        4610.75        4610.75
297        4610.75        4610.75
298        4610.75        4610.75
299        4610.75        4610.75
300        4610.75        4610.75
