1        23794.2        34991.5
2        19834.2          25257
3        18821.3        21543.4
4          14591          19210
5        14459.3        16461.3
6        13529.4        14730.4
7        12529.5        13989.1
8        11518.3          13211
9        10498.7        11953.9
10        10474.9          11113
11        9353.74        10550.5
12        9053.95        9958.02
13        8352.66        9193.13
14        8218.35        8859.35
15        7523.54        8320.15
16        7284.22        7882.58
17        7109.23        7407.01
18        7014.83        7222.07
19        6780.29        7096.68
20        6571.74        6982.32
21        6326.33        6802.91
22         6308.5        6526.49
23        6071.05        6333.63
24        6071.05        6288.02
25        6054.54        6184.35
26        5892.38        6069.15
27         5825.8        6034.82
28        5707.26        5905.13
29        5681.36         5766.8
30        5598.11        5697.46
31        5544.99        5651.46
32        5505.39         5582.6
33        5468.36        5562.46
34        5454.87        5520.61
35        5422.45        5471.78
36        5354.54        5446.92
37        5353.62        5405.08
38        5352.21        5360.23
39         5352.1        5353.75
40         5310.9        5352.37
41        5309.53        5350.92
42        5227.61        5327.71
43        5143.94        5293.92
44        5143.94        5248.52
45        5126.89        5191.18
46        5126.89        5142.83
47        5126.89        5135.87
48        5081.62        5126.89
49        4997.08        5100.89
50         4995.7        5070.51
51        4989.14        5014.34
52        4988.11        4995.53
53        4972.92           4992
54        4953.16        4981.29
55        4931.67        4963.45
56        4928.57        4955.41
57        4923.39        4938.14
58        4887.29        4928.33
59        4887.29        4922.67
60        4882.11        4887.47
61        4882.11        4886.33
62        4879.46        4882.14
63        4866.89        4882.06
64        4861.34        4880.82
65        4861.34        4868.99
66        4858.69        4863.02
67        4858.69        4858.78
68        4858.69        4858.69
69        4843.28        4858.69
70        4843.28        4854.52
71        4843.28        4843.28
72        4841.23        4843.28
73        4841.23        4843.27
74        4841.23        4842.77
75         4840.1        4841.23
76        4839.09        4840.89
77        4839.09        4839.93
78        4839.09        4839.09
79        4837.95        4839.09
80        4822.44        4839.01
81         4821.3        4836.49
82         4821.3        4825.72
83         4821.3         4821.3
84         4821.3         4821.3
85         4821.3         4821.3
86         4821.3         4821.3
87         4821.3         4821.3
88         4821.3         4821.3
89         4821.3         4821.3
90         4821.3         4821.3
91         4821.3         4821.3
92         4821.3         4821.3
93         4821.3         4821.3
94         4821.3         4821.3
95         4821.3         4821.3
96         4821.3         4821.3
97        4816.74         4821.3
98        4816.74        4820.53
99        4816.74        4816.76
100        4816.74        4816.74
101        4816.74        4816.74
102        4816.74        4816.74
103        4816.74        4816.74
104        4816.74        4816.74
105        4816.74        4816.74
106        4814.36        4816.74
107        4814.36        4816.55
108        4757.34        4817.57
109        4757.34        4794.11
110        4757.34        4757.34
111        4757.34        4757.34
112        4757.34        4757.34
113        4757.34        4757.34
114        4757.34        4757.34
115        4757.34        4757.34
116        4757.34        4757.34
117        4757.34        4757.34
118        4757.34        4757.34
119        4757.34        4757.34
120        4757.34        4757.34
121        4757.34        4757.34
122        4757.34        4757.34
123        4757.34        4757.34
124        4757.34        4757.34
125        4757.34        4757.34
126        4757.34        4757.34
127        4757.34        4757.34
128        4757.34        4757.34
129        4757.34        4757.34
130        4757.34        4757.34
131        4757.34        4757.34
132        4757.34        4757.34
133        4757.34        4757.34
134        4736.81        4757.72
135        4736.81        4754.57
136        4736.81        4736.91
137        4736.81        4736.81
138        4736.81        4736.81
139        4736.81        4736.81
140        4736.81        4736.81
141        4736.81        4736.81
142        4736.81        4736.81
143        4736.81        4736.81
144        4736.81        4736.81
145        4736.81        4736.81
146        4736.81        4736.81
147        4736.81        4736.81
148        4736.81        4736.81
149        4736.81        4736.81
150        4736.81        4736.81
151        4736.81        4736.81
152        4736.81        4736.81
153        4736.81        4736.81
154        4736.81        4736.81
155        4736.81        4736.81
156        4736.81        4736.81
157        4736.81        4736.81
158        4736.81        4736.81
159        4736.81        4736.81
160        4736.81        4736.81
161        4736.81        4736.81
162        4736.81        4736.81
163        4736.81        4736.81
164        4736.81        4736.81
165        4736.81        4736.81
166        4736.81        4736.81
167        4736.81        4736.81
168        4736.81        4736.81
169        4736.81        4736.81
170        4736.81        4736.81
171        4736.81        4736.81
172        4736.81        4736.81
173        4736.81        4736.81
174        4736.81        4736.81
175        4736.81        4736.81
176        4736.81        4736.81
177        4736.81        4736.81
178        4736.81        4736.81
179        4736.81        4736.81
180        4736.81        4736.81
181        4736.81        4736.81
182        4736.81        4736.81
183        4736.81        4736.81
184        4736.81        4736.81
185        4736.81        4736.81
186        4736.81        4736.81
187        4736.81        4736.81
188        4736.81        4736.81
189        4736.81        4736.81
190        4736.81        4736.81
191        4736.81        4736.81
192        4736.81        4736.81
193        4736.81        4736.81
194        4736.81        4736.81
195        4736.81        4736.81
196        4736.81        4736.81
197        4736.81        4736.81
198        4736.81        4736.81
199        4736.81        4736.81
200        4736.81        4736.81
201        4736.81        4736.81
202        4736.81        4736.81
203        4736.81        4736.81
204        4736.81        4736.81
205        4736.81        4736.81
206        4736.81        4736.81
207        4736.81        4736.81
208        4736.81        4736.81
209        4734.46        4736.81
210        4734.46        4738.12
211        4734.46        4734.46
212        4734.46        4734.46
213        4734.46        4734.46
214        4734.46        4734.46
215        4734.46        4734.46
216        4734.46        4734.46
217        4734.46        4734.46
218        4734.46        4734.46
219        4734.46        4734.46
220        4734.46        4734.46
221        4734.46        4734.46
222        4734.46        4734.46
223        4734.46        4734.46
224        4734.46        4734.46
225        4734.46        4734.46
226        4734.46        4734.46
227        4734.46        4734.46
228        4734.46        4734.46
229        4734.46        4734.46
230        4734.46        4734.46
231        4734.46        4734.46
232        4734.46        4734.46
233        4734.46        4734.46
234        4734.46        4734.46
235        4734.46        4734.46
236        4734.46        4734.46
237        4734.46        4734.46
238        4734.46        4734.46
239        4734.46        4734.46
240        4734.46        4734.46
241        4734.46        4734.46
242        4734.46        4734.46
243        4715.66        4734.46
244        4715.66        4734.27
245        4715.66        4725.25
246        4715.66        4715.76
247        4715.66        4715.66
248        4715.66        4715.66
249        4685.98        4715.66
250        4685.98         4712.4
251        4685.98        4685.98
252        4685.98        4685.98
253        4676.36        4685.98
254        4676.36        4685.45
255        4676.36        4678.38
256        4676.36        4676.36
257        4676.36        4676.36
258           4673        4710.97
259           4673        4675.76
260           4673           4673
261        4671.95           4673
262        4658.74        4672.75
263        4658.74        4669.26
264        4658.74        4658.74
265        4658.74        4658.74
266        4658.74        4658.74
267        4658.74        4658.74
268        4658.74        4658.74
269        4658.74        4658.74
270        4658.74        4658.74
271        4658.74        4658.74
272        4658.74        4658.74
273        4658.74        4658.74
274        4658.74        4658.74
275        4658.74        4658.74
276        4658.74        4658.74
277        4658.74        4658.74
278        4658.74        4658.74
279        4658.74        4658.74
280        4658.74        4658.74
281        4658.74        4658.74
282        4658.74        4658.74
283        4658.74        4658.74
284        4658.74        4658.74
285        4658.74        4658.74
286        4658.74        4658.74
287        4658.74        4658.74
288        4658.74        4658.74
289        4658.74        4658.74
290        4658.74        4658.74
291        4658.74        4658.74
292        4658.74        4658.74
293        4658.74        4658.74
294        4658.74        4658.74
295        4658.74        4658.74
296        4658.74        4658.74
297        4658.74        4658.74
298        4658.74        4658.74
299        4658.74        4658.74
300        4658.74        4658.74
