1        37715.1        52961.1
2        35888.6        49846.7
3          33500        38410.8
4        32440.7        48993.5
5        30999.5        45848.9
6        29576.4        30999.5
7        23192.3          29658
1        37715.1        52949.3
2        34990.9        37715.1
3          33021        35030.2
4        31677.2        33586.2
5        29475.7        31911.8
6        28306.7        29748.7
7        27201.3        28440.6
8        26480.9          27233
9        25921.8        26573.4
10        25373.1        26101.9
11        25111.6        25441.7
12        24767.2        25134.8
13        24563.5        24914.1
14        24100.9        24620.2
15        23792.1        24156.5
1        37715.1        53072.6
2        34399.2        37715.1
3        32828.3        34441.8
4        30081.8        32997.8
5        28903.6        30624.6
6        27915.5        28903.6
7        27000.7        27915.5
8        26479.4        27022.9
9        25616.6        26582.3
10        24881.4        25748.8
11        24735.1        25173.1
12        24074.7        24735.1
13        23573.1        24074.7
14        22856.3        23598.3
15        22671.5        23009.9
16        22529.2        22758.7
17        22311.9        22529.2
18        22188.2        22347.2
19        21916.7        22188.2
20        21825.8        22025.4
21        21764.1        21834.1
22        21659.8        21782.8
23        21626.7        21718.4
24        21536.3        21626.7
25          21365        21550.3
26        21294.6        21423.2
27        21197.3        21294.7
28        21134.9        21202.5
29        21049.1        21145.8
30        21007.1        21062.3
31        20986.6        21007.1
32        20962.5        20988.6
33        20786.1        20965.9
34        20712.6        20790.5
35        20700.4        20733.9
36        20686.5        20706.8
37          20587        20686.5
38          20484          20587
39          20484        20540.5
40          20484          20484
41        20482.3          20484
42        20482.3        20485.9
43        20469.3        20482.3
44        20462.1        20472.1
45        20454.6        20462.1
46        20453.9        20456.9
47        20428.4        20454.2
48        20397.5        20428.4
49        20385.4        20399.3
50        20368.2        20390.4
51        20354.5        20376.2
52        20337.4        20355.2
53        20307.9        20337.4
54        20302.1        20330.3
55        20264.8        20302.1
56        20242.2        20272.2
57        20239.9        20247.9
58        20227.9        20239.9
59        20220.3        20238.5
60        20175.5        20225.8
61        20175.5        20186.5
62        20139.8        20191.9
63        20137.8        20170.1
64        20137.8        20137.8
65        20137.8        20137.8
66        20108.2        20146.5
67        20108.2        20117.3
68        20108.2        20108.2
69        20108.2        20108.2
70        20093.1        20124.6
71        20093.1        20093.1
72        20093.1        20093.1
73        20093.1        20093.1
74        20093.1        20108.7
75        20093.1        20093.1
76        20093.1          20109
77        20093.1        20093.1
78        20093.1          20107
79        20093.1        20093.1
80        20093.1        20093.1
81        20093.1        20093.1
82        20093.1        20099.6
83        20093.1        20093.1
84        20093.1        20093.1
85        20093.1        20093.1
86        20093.1          20104
87        20093.1        20093.1
88        20093.1        20093.1
89        20093.1        20093.1
90        20093.1        20093.1
91        20093.1        20093.1
92        20093.1        20093.1
93        20093.1        20093.1
94        20093.1          20095
95        20093.1        20093.1
96        20093.1        20093.1
97        20080.3        20093.1
98        20080.3          20094
99        20080.3        20080.3
100        20080.3        20080.3
101        20080.3        20080.3
102        20080.3        20080.3
103        20080.3        20080.3
104        20080.3        20080.3
105        20080.3        20080.3
106        20080.3        20081.7
107          20080        20080.3
108          20080        20080.1
109          20080          20080
110          20080          20080
111        20071.3          20080
112        20071.3        20073.7
113        20071.3        20071.3
114        20071.3        20071.9
115        20071.3        20071.3
116        20071.3        20071.3
117        20044.9        20071.3
118        20044.9        20044.9
119        20044.9        20044.9
120        20044.9        20044.9
121        20044.9        20044.9
122        20044.9        20044.9
123        20044.9        20044.9
124        20044.9        20044.9
125        20044.9        20044.9
126        20044.9        20044.9
127        20044.9        20044.9
128        20044.9        20044.9
129        20044.9        20044.9
130        20044.9        20044.9
131        20044.9        20044.9
132        20044.9        20044.9
133        20044.9        20044.9
134        20044.9        20044.9
135        20044.9        20044.9
136        20033.4        20044.9
137        20033.4          20038
138        20033.4        20033.6
139        20033.4        20033.4
140        20033.4        20034.1
141        20033.4        20033.4
142        20033.4        20034.7
143        20033.4        20033.4
144        20033.4        20033.4
145        20033.4        20033.4
146        20033.4        20033.5
147        20033.4        20033.4
148        20033.4        20033.4
149        20033.4        20033.4
150        20033.4        20034.2
151        20033.4        20033.4
152        20033.4        20033.4
153        20033.4        20033.4
154        20033.4        20034.7
155        20033.4        20048.1
156        20033.4        20035.5
157        20033.4        20041.8
158        20033.4        20034.8
159        20033.4        20034.5
160        20033.4          20035
161        20033.4        20033.4
162        20033.4        20034.2
163        20033.4        20033.4
164        20033.4        20033.4
165        20033.4        20033.4
166        20033.4        20033.4
167        20033.4        20033.4
168        20033.4        20033.4
169        20033.4        20033.4
170        20033.4        20034.5
171        20033.4        20033.4
172        20033.4        20033.4
173        20033.4        20033.4
174        20033.4        20033.4
175        20033.4        20033.4
176        20033.4        20033.4
177        20033.4        20033.4
178        20033.4        20033.4
179        20033.4        20033.4
180        20033.4        20033.4
181        20033.4        20033.4
182        20033.4        20033.8
183        20033.4        20033.4
184        20033.4        20033.4
185        20033.4        20033.4
186        20033.4        20034.2
187        20033.4        20033.4
188        20033.4        20033.4
189        20033.4        20033.4
190        20033.4        20033.4
191        19987.7        20033.4
192        19987.7        20024.7
193        19987.7        19987.7
194        19987.7        19988.9
195        19987.7        19987.7
196        19987.7        19987.7
197        19987.7        19987.7
198        19987.7          19990
199        19987.7        19987.7
200        19987.7        19987.7
201        19987.7        19987.7
202        19987.7        19999.6
203        19987.7        19987.7
204        19987.7        19987.7
205        19987.7        19987.7
206        19987.7        19987.7
207        19987.7        19987.7
208        19987.7        19987.7
209        19987.7        19987.7
210        19987.7        19987.7
211        19987.7        19987.7
212        19987.7        19987.7
213        19987.7        19987.7
214        19987.7        19987.7
215        19987.7        19987.7
216        19987.7        19987.7
217        19987.7        19987.7
218        19987.7        19988.5
219        19987.7        19987.7
220        19987.7        19987.7
221        19987.7        19987.7
222        19987.7          19993
223        19987.7        19996.8
224        19987.7        19998.4
225        19987.7        19996.7
226        19987.7        19996.8
227        19987.7          20033
228        19987.7        19997.2
229        19987.7        19999.3
230        19987.7        19999.3
231        19987.7          19999
232        19987.7        19995.9
233        19987.7        19996.3
234        19987.7        19994.4
235        19987.7        19998.4
236        19987.7        19996.5
237        19987.7        19998.1
238        19987.7        19996.2
239        19987.7        19998.1
240        19987.7          19995
241        19987.7        19994.4
242        19987.7          19998
243        19987.7        19995.6
244        19987.7        19997.1
245        19987.7        19996.5
246        19987.7        19995.6
247        19987.7          19995
248        19987.7        20023.7
249        19987.7        19995.6
250        19987.7        20015.2
251        19987.7        20000.3
252        19987.7        19995.6
253        19987.7        19994.1
254        19987.7        19995.3
255        19987.7          19995
