0.166453   0.254652   0.339681
0.392462   -0.212105   0.213005
-0.367233   0.356616   0.0883408
0.438911   -0.420963   -0.0676213
0.149204   -0.243825   0.458538
0.261203   0.234499   0.15764
-0.36461   0.107597   0.117006
-0.431855   0.0320888   -0.407794
-0.13441   -0.35552   7.83809e-05
0.0902295   -0.335728   0.271441
0.369632   -0.0420704   0.312201
-0.337708   0.179351   -0.107136
0.336151   0.414432   0.317526
0.327675   0.344346   -0.298984
0.0651973   -0.359218   -0.129181
0.0725145   -0.0547413   -0.054395
-0.121939   -0.157313   -0.0638001
-0.38094   -0.302283   -0.27685
-0.279758   -0.0209966   -0.0542516
0.433631   0.366277   -0.485698
-0.277393   0.485884   -0.240022
-0.0724215   0.030511   0.0801373
0.114011   0.471447   -0.279266
-0.145072   0.272105   -0.192167
0.176771   -0.465767   0.492478
-0.369843   -0.471126   -0.0471433
-0.303507   -0.41387   0.137394
0.27799   0.146582   -0.320692
-0.12559   0.303526   -0.378837
0.139884   0.00491131   -0.30809
-0.369052   -0.204659   0.217147
0.0218446   0.398666   -0.471997
-0.331944   -0.24055   -0.039713
0.319951   -0.441633   0.124268
0.249034   -0.12759   -0.166612
-0.477165   -0.0572233   0.0936936
-0.0377665   -0.301561   0.436043
0.325876   -0.436643   -0.240447
-0.267349   0.15659   -0.295787
0.222249   0.303578   -0.469115
0.0491475   0.341285   -0.0746468
0.357437   -0.161038   0.000544561
0.396073   0.130627   0.484462
-0.389337   -0.202195   -0.45617
0.235773   0.442476   -0.0970745
0.0286371   0.274118   0.191205
-0.195571   0.42346   -0.0628962
0.451395   0.200146   0.0320415
0.0714612   0.285842   -0.3017
-0.225397   -0.0756247   -0.340348
0.0634414   -0.413663   0.0720102
0.267413   0.260156   -0.0459304
-0.374603   0.337198   -0.389777
0.318346   -0.0711556   -0.457852
-0.438074   0.391618   0.391844
0.0328237   -0.189338   -0.200775
0.167553   0.433456   0.125556
-0.0962535   -0.290938   0.232112
-0.499491   0.208921   -0.228091
0.281877   -0.360173   0.325334
-0.00892756   0.0853261   0.294214
0.182722   -0.23649   0.00171401
-0.283285   0.428875   0.286445
-0.472345   0.0339011   -0.0860092
-0.495005   -0.303576   0.0707364
-0.400422   -0.0549046   0.38591
-0.0881739   0.0537236   -0.140136
0.00162879   -0.124854   -0.405217
-0.0629328   0.287366   0.380342
0.432359   -0.253373   -0.368495
0.40232   -0.42028   -0.45834
0.138072   0.137008   -0.16309
-0.398273   0.181824   0.450042
-0.0762716   0.0701544   -0.34789
0.368137   -0.210471   0.425042
0.492469   0.36601   -0.101847
0.162217   0.0419402   0.210816
0.265188   0.0119108   0.0435731
-0.173905   0.235711   0.223271
-0.49524   -0.180348   -0.151307
-0.207881   -0.272132   -0.392782
-0.190902   0.121319   0.486569
0.0450093   -0.124303   0.11941
0.155398   -0.0466759   0.416896
0.463308   0.201095   0.258265
-0.196927   -0.299726   -0.176835
-0.146611   -0.467713   -0.406551
-0.384266   -0.444211   -0.443378
-0.47348   -0.484809   0.214161
0.249343   -0.23608   -0.331208
-0.0769184   -0.488495   -0.204845
0.0670304   0.159112   -0.477702
-0.474466   -0.36997   0.364864
0.0919278   0.160977   0.0254612
-0.194517   -0.138457   0.435674
-0.291438   -0.279175   0.381803
0.203939   -0.143501   0.250154
0.0251254   -0.347259   -0.357773
-0.496695   0.43609   -0.296082
0.450178   0.0095284   -0.266591
-0.196304   -0.124154   0.128465
-0.157036   0.223306   0.00219008
-0.251195   0.00235498   0.277654
-0.102898   -0.492584   0.334319
-0.0316423   -0.116894   0.337864
0.0950677   0.453127   0.331703
-0.232907   0.411855   0.465213
-0.133058   0.416265   0.147981
