0.178257   -0.195888   0.336812
0.341059   0.129759   0.317346
-0.157836   -0.178326   0.241115
-0.208061   -0.18047   -0.177258
0.44362   -0.182319   -0.395419
-0.322135   -0.290608   -0.410461
0.342025   0.29269   0.181673
-0.0596531   0.0721397   0.398492
0.488251   0.341791   0.0234955
0.0942207   -0.0749232   -0.209046
0.136723   0.0106173   0.368695
0.0651862   -0.485233   -0.267558
-0.309222   0.467509   -0.219982
-0.200324   0.267902   0.497841
0.201897   0.321765   -0.324779
0.2585   0.0660342   -0.462878
0.411236   0.3169   0.389737
-0.0593112   -0.469411   -0.0327784
-0.170202   -0.390594   -0.227978
-0.336361   0.492562   0.0823852
0.362601   0.197587   -0.085802
0.260795   -0.447111   -0.286146
-0.361927   0.357372   -0.394357
-0.381549   -0.259395   0.0830192
-0.0444528   -0.0410652   0.0441655
-0.309268   -0.02354   0.220632
0.0679971   0.256554   -0.0432064
-0.236607   0.193825   0.304239
-0.479265   -0.176884   -0.197344
-0.255171   0.431222   0.364555
0.0335213   -0.22234   0.0618783
0.306919   -0.0709449   0.27261
-0.0541837   -0.320054   -0.413064
0.393088   0.194906   -0.381513
0.065182   -0.0106014   -0.427659
-0.471936   -0.176766   0.410518
-0.156561   -0.233291   0.0336476
-0.4189   0.301401   0.221197
-0.484813   0.460442   0.494294
0.147147   0.128572   0.215158
0.42541   0.0172227   -0.338542
-0.0625059   -0.162844   -0.318394
0.248529   -0.275542   0.170264
-0.456006   0.110226   0.0402789
0.163942   0.13605   -0.175092
0.299385   0.481495   0.314734
0.27993   0.429434   -0.132697
0.342726   -0.331769   -0.155003
-0.0166771   0.442729   0.483467
0.238581   -0.105384   -0.349216
-0.0247274   -0.152267   0.380184
0.300878   -0.1193   0.473454
-0.210038   -0.370239   0.176173
0.216765   -0.23603   -0.0223516
0.475416   0.0604156   0.454838
0.15449   -0.283984   -0.257154
0.315849   -0.337591   0.409465
0.457619   0.468151   0.21821
-0.370984   0.138639   -0.353178
0.0870117   0.349445   0.125592
0.437062   -0.37209   0.060961
-0.244086   -0.11715   0.485678
-0.445657   0.000157747   -0.134252
-0.345366   -0.322669   -0.0943578
0.421626   -0.380392   -0.405369
0.160017   0.354926   0.410921
-0.0832786   0.141474   -0.0844225
-0.354912   -0.0685468   -0.331551
-0.131368   0.426002   -0.314581
-0.475441   0.197827   -0.212509
0.133644   -0.413235   -0.0822967
0.276479   0.472105   0.0782641
0.496694   0.49758   -0.108164
0.307005   0.0930143   0.0977948
-0.0253145   -0.253545   -0.139649
-0.171103   0.0681877   -0.393488
-0.224573   0.117237   0.0861575
0.497189   -0.000518833   0.243736
0.0906995   -0.454808   0.34976
0.476767   -0.111602   0.0461537
0.430718   0.399585   -0.311311
0.156194   -0.0649194   0.1495
-0.336012   -0.254376   0.27942
-0.0391545   0.289158   0.320311
0.427942   -0.265798   0.260176
-0.126124   -0.392802   0.38679
0.0259814   0.285338   -0.230352
0.111015   0.0497619   -0.0127149
-0.43177   -0.372283   -0.2711
-0.207504   0.254743   -0.249822
0.00945872   0.201615   -0.44277
-0.277994   -0.468301   -0.421399
0.0613302   -0.438994   0.114425
-0.137882   0.353682   -0.0480621
-0.392793   0.261525   0.423277
-0.334096   0.0496029   0.412813
-0.0246416   -0.319738   0.235032
-0.344547   -0.396531   0.418974
-0.306204   0.180886   -0.0826343
-0.045165   0.190984   0.155318
-0.321968   -0.0753188   0.0152265
-0.244685   0.0213124   -0.185895
0.117976   -0.191797   -0.470056
-0.250577   0.307013   0.120238
0.137201   -0.386103   -0.456118
0.337676   -0.0881436   -0.110923
0.324421   0.435628   -0.479626
-0.100952   0.429679   0.171189
